# Time-averaged data for fix kemolSink
# TimeStep Number-of-rows
# Row c_keSink2
1000 4
1 2.22801
2 1.64919
3 1.8647
4 2.22278
2000 4
1 2.20672
2 1.85146
3 1.95299
4 1.92168
3000 4
1 2.14426
2 2.00596
3 1.93623
4 2.01861
4000 4
1 2.10868
2 2.30775
3 1.83455
4 1.77959
5000 4
1 2.37467
2 2.03478
3 2.10897
4 1.62716
6000 4
1 2.59611
2 2.06549
3 1.78205
4 1.49482
7000 4
1 2.66284
2 1.79671
3 2.07519
4 1.61147
8000 4
1 2.96252
2 1.97351
3 1.94236
4 1.52378
9000 4
1 2.99998
2 1.96075
3 1.89047
4 1.52784
10000 4
1 2.70417
2 1.93542
3 2.12138
4 1.48081
11000 4
1 2.67762
2 1.77792
3 2.17007
4 1.66026
12000 4
1 2.33529
2 1.85438
3 2.14115
4 1.88087
13000 4
1 2.54608
2 1.64245
3 2.02848
4 1.94164
14000 4
1 2.91862
2 1.63747
3 1.81838
4 1.8118
15000 4
1 2.85788
2 1.70879
3 1.75617
4 1.94336
16000 4
1 3.12427
2 1.82575
3 1.52149
4 1.78595
17000 4
1 3.25901
2 1.51255
3 1.41232
4 2.06988
18000 4
1 3.24711
2 1.46527
3 1.60588
4 2.06846
19000 4
1 3.48782
2 1.48286
3 1.68693
4 1.86828
20000 4
1 3.54333
2 1.33062
3 1.71849
4 1.9364
21000 4
1 3.36042
2 1.43477
3 1.65845
4 1.85236
22000 4
1 3.77751
2 1.31593
3 1.46254
4 1.99545
23000 4
1 4.04144
2 1.38922
3 1.58456
4 1.70411
24000 4
1 3.86396
2 1.38601
3 1.65595
4 1.62313
25000 4
1 3.64558
2 1.41404
3 1.71122
4 1.81722
26000 4
1 3.88476
2 1.34959
3 1.70347
4 1.76516
27000 4
1 3.76886
2 1.64353
3 1.56082
4 1.78517
28000 4
1 3.84386
2 1.46895
3 1.72528
4 1.55791
29000 4
1 3.75043
2 1.47139
3 1.6561
4 1.68899
30000 4
1 3.91534
2 1.40772
3 1.70449
4 1.61384
31000 4
1 3.76078
2 1.29323
3 1.71379
4 1.77317
32000 4
1 3.56364
2 1.57678
3 1.64654
4 1.81699
33000 4
1 3.28511
2 1.61645
3 1.80219
4 1.81046
34000 4
1 3.22003
2 1.40384
3 1.69937
4 2.05927
35000 4
1 2.99449
2 1.45902
3 1.77097
4 2.29503
36000 4
1 2.72581
2 1.66377
3 1.76552
4 2.34026
37000 4
1 2.62114
2 1.9982
3 1.62644
4 2.06556
38000 4
1 2.48588
2 1.96752
3 1.75381
4 2.1121
39000 4
1 2.62981
2 2.08093
3 1.64843
4 1.79006
40000 4
1 2.56632
2 1.99677
3 1.76365
4 1.9563
41000 4
1 2.50053
2 1.8744
3 1.80133
4 1.97515
42000 4
1 2.23372
2 1.96159
3 1.80805
4 2.11143
43000 4
1 2.31979
2 1.88034
3 1.66355
4 2.20962
44000 4
1 2.32921
2 1.63274
3 1.98607
4 2.34058
45000 4
1 2.29265
2 1.93815
3 1.66212
4 2.20795
46000 4
1 2.15752
2 1.83146
3 1.9439
4 2.11734
47000 4
1 2.29959
2 2.19824
3 1.53938
4 2.11577
48000 4
1 2.10427
2 1.97462
3 1.68334
4 2.29596
49000 4
1 2.27992
2 2.06187
3 1.87313
4 1.99031
50000 4
1 2.12278
2 2.27327
3 1.55221
4 2.25704
51000 4
1 2.22005
2 2.10248
3 1.61451
4 2.25021
52000 4
1 2.1527
2 2.12255
3 1.50318
4 2.45028
53000 4
1 2.09203
2 2.15808
3 1.76718
4 2.14053
54000 4
1 2.43801
2 1.76506
3 1.55129
4 2.50334
55000 4
1 2.2279
2 1.888
3 1.61773
4 2.50439
56000 4
1 2.3391
2 1.89477
3 1.61218
4 2.36694
57000 4
1 2.40366
2 1.92065
3 1.66788
4 2.05758
58000 4
1 2.52348
2 1.90471
3 1.70203
4 1.97172
59000 4
1 2.61893
2 1.76676
3 1.95919
4 1.87349
60000 4
1 2.78431
2 2.06359
3 1.73531
4 1.67241
61000 4
1 2.85035
2 1.83854
3 1.58455
4 1.92478
62000 4
1 2.91814
2 1.9193
3 1.50791
4 1.98822
63000 4
1 2.94242
2 1.91345
3 1.65824
4 1.84799
64000 4
1 3.01933
2 1.78217
3 1.62116
4 2.01
65000 4
1 3.20804
2 1.59425
3 1.54193
4 2.04801
66000 4
1 2.93331
2 1.67095
3 1.54644
4 2.24419
67000 4
1 3.03988
2 1.77606
3 1.50438
4 2.07139
68000 4
1 2.90365
2 1.74566
3 1.65295
4 2.08505
69000 4
1 3.05289
2 1.83323
3 1.57518
4 1.81723
70000 4
1 3.1929
2 1.56727
3 1.56013
4 2.00252
71000 4
1 3.12592
2 1.74099
3 1.59288
4 1.91796
72000 4
1 3.15133
2 1.66322
3 1.41165
4 2.05144
73000 4
1 3.14266
2 1.87355
3 1.54184
4 1.8142
74000 4
1 3.18671
2 1.80086
3 1.58877
4 1.77913
75000 4
1 3.19138
2 1.73816
3 1.62678
4 1.73866
76000 4
1 3.21975
2 1.8211
3 1.56653
4 1.70541
77000 4
1 3.44764
2 1.66848
3 1.61339
4 1.57997
78000 4
1 3.18393
2 1.662
3 1.66556
4 1.60951
79000 4
1 3.107
2 1.77631
3 1.54676
4 1.84236
80000 4
1 2.90724
2 1.8112
3 1.69586
4 1.80576
81000 4
1 2.7564
2 2.14229
3 1.53334
4 1.88901
82000 4
1 2.75846
2 2.05618
3 1.80062
4 1.66185
83000 4
1 2.86708
2 2.18038
3 1.67124
4 1.71459
84000 4
1 2.56855
2 2.27958
3 1.92054
4 1.68497
85000 4
1 2.90275
2 2.12998
3 1.83565
4 1.67758
86000 4
1 2.6995
2 2.35925
3 1.93342
4 1.59723
87000 4
1 2.66809
2 2.34926
3 1.775
4 1.72531
88000 4
1 2.55494
2 2.39066
3 1.92846
4 1.68476
89000 4
1 2.75002
2 2.33877
3 1.59558
4 1.90092
90000 4
1 2.48687
2 2.45459
3 1.82877
4 1.83617
91000 4
1 2.78619
2 2.30867
3 1.77575
4 1.77243
92000 4
1 2.78793
2 2.27993
3 1.65706
4 1.86187
93000 4
1 2.80986
2 2.2322
3 1.81964
4 1.80945
94000 4
1 2.90084
2 2.13745
3 1.87061
4 1.70198
95000 4
1 3.00268
2 2.00861
3 1.89499
4 1.80374
96000 4
1 3.27907
2 1.92332
3 1.86691
4 1.67064
97000 4
1 3.24095
2 1.85047
3 1.89592
4 1.73883
98000 4
1 3.19987
2 1.97162
3 1.89688
4 1.70647
99000 4
1 3.09104
2 1.84015
3 1.9456
4 1.81798
100000 4
1 3.12568
2 2.11641
3 1.85537
4 1.6928
101000 4
1 3.04747
2 2.03819
3 1.8959
4 1.74494
102000 4
1 2.84908
2 2.04552
3 2.02289
4 1.7423
103000 4
1 2.6948
2 1.95793
3 2.14646
4 1.82868
104000 4
1 2.74963
2 2.08527
3 2.0922
4 1.69434
105000 4
1 2.64678
2 2.08266
3 1.93258
4 1.84547
106000 4
1 2.77123
2 2.19823
3 1.73626
4 1.88237
107000 4
1 2.55386
2 2.29174
3 1.84327
4 1.84504
108000 4
1 2.70148
2 2.17625
3 1.83029
4 1.79642
109000 4
1 2.62128
2 2.22134
3 1.79504
4 1.87319
110000 4
1 2.56501
2 2.32966
3 1.74328
4 1.83564
111000 4
1 2.36954
2 2.25956
3 1.91361
4 1.98836
112000 4
1 2.44783
2 2.35203
3 1.87424
4 1.74086
113000 4
1 2.43508
2 2.16277
3 2.04304
4 1.87664
114000 4
1 2.53345
2 2.17758
3 1.93624
4 1.79388
115000 4
1 2.72413
2 1.95817
3 1.8833
4 1.90137
116000 4
1 2.62366
2 2.07511
3 1.99834
4 1.87207
117000 4
1 2.64777
2 1.8787
3 1.97983
4 2.03072
118000 4
1 2.52929
2 2.03277
3 2.03086
4 1.82915
119000 4
1 2.48785
2 1.99609
3 2.07238
4 1.91256
120000 4
1 2.4575
2 2.02126
3 2.19759
4 1.77367
121000 4
1 2.573
2 1.88209
3 2.17386
4 1.81636
122000 4
1 2.68226
2 1.79922
3 2.1506
4 1.8541
123000 4
1 2.62876
2 1.90719
3 2.07559
4 1.81717
124000 4
1 2.71162
2 1.83312
3 1.91566
4 1.78801
125000 4
1 2.57646
2 2.05409
3 1.7626
4 1.77069
126000 4
1 2.44795
2 2.16393
3 1.69554
4 1.84819
127000 4
1 2.57399
2 2.18687
3 1.80134
4 1.73168
128000 4
1 2.36527
2 2.10788
3 2.03365
4 1.83315
129000 4
1 2.60153
2 2.00999
3 1.8893
4 1.71149
130000 4
1 2.46881
2 2.22958
3 1.84945
4 1.62528
131000 4
1 2.56174
2 1.98187
3 1.87266
4 1.65464
132000 4
1 2.32968
2 2.07981
3 1.9414
4 1.69548
133000 4
1 2.41147
2 2.04114
3 1.85451
4 1.66286
134000 4
1 2.19656
2 1.91918
3 2.24443
4 1.70515
135000 4
1 2.64284
2 1.79987
3 1.6902
4 1.79649
136000 4
1 2.58384
2 1.53906
3 2.1156
4 1.70534
137000 4
1 2.37945
2 1.67401
3 1.86015
4 1.94269
138000 4
1 2.42516
2 1.84737
3 1.62094
4 1.95085
139000 4
1 2.46523
2 1.94399
3 1.58472
4 1.97988
140000 4
1 2.55125
2 1.81177
3 1.62747
4 1.94222
141000 4
1 2.30007
2 1.94817
3 1.74459
4 1.95207
142000 4
1 2.31371
2 2.29217
3 1.61703
4 1.7176
143000 4
1 2.26237
2 1.94668
3 1.62981
4 2.03124
144000 4
1 2.4317
2 2.15581
3 1.51042
4 1.79267
145000 4
1 2.10321
2 2.02691
3 1.97465
4 1.82093
146000 4
1 2.25012
2 2.14941
3 1.7187
4 1.80061
147000 4
1 2.34186
2 1.92004
3 1.83683
4 1.80385
148000 4
1 2.40433
2 1.86563
3 1.73237
4 2.04141
149000 4
1 2.49849
2 1.62956
3 1.67277
4 2.16749
150000 4
1 2.46075
2 1.65648
3 1.80514
4 2.09438
151000 4
1 2.53983
2 1.60669
3 1.76722
4 2.12733
152000 4
1 2.44479
2 1.7404
3 1.56146
4 2.18859
153000 4
1 2.40332
2 1.75438
3 1.76742
4 2.06778
154000 4
1 2.50902
2 1.79047
3 1.73743
4 2.00006
155000 4
1 2.46947
2 1.62702
3 1.72057
4 1.92763
156000 4
1 2.53857
2 1.65868
3 1.70769
4 1.87746
157000 4
1 2.38285
2 1.72717
3 1.68666
4 2.01855
158000 4
1 2.43745
2 1.64277
3 1.79952
4 1.89314
159000 4
1 2.27782
2 1.85699
3 1.64747
4 2.17712
160000 4
1 2.4499
2 1.79
3 1.65503
4 2.10022
161000 4
1 2.46605
2 1.78245
3 1.58866
4 2.12551
162000 4
1 2.13865
2 1.77554
3 1.66597
4 2.38757
163000 4
1 2.43316
2 1.62861
3 1.60194
4 2.20359
164000 4
1 2.1134
2 1.86273
3 1.65376
4 2.34624
165000 4
1 2.23214
2 1.7729
3 1.81514
4 2.179
166000 4
1 2.19543
2 1.68486
3 1.76251
4 2.33698
167000 4
1 2.26745
2 1.81633
3 1.71899
4 2.23572
168000 4
1 2.17532
2 1.76176
3 1.73934
4 2.30034
169000 4
1 2.17898
2 1.75647
3 1.63584
4 2.44447
170000 4
1 2.23731
2 1.63147
3 1.61459
4 2.61351
171000 4
1 2.40743
2 1.70755
3 1.52322
4 2.46805
172000 4
1 2.22736
2 1.60837
3 1.7444
4 2.39569
173000 4
1 2.45238
2 1.82511
3 1.54517
4 2.16309
174000 4
1 2.37503
2 1.62872
3 1.66815
4 2.24778
175000 4
1 2.46574
2 1.7692
3 1.70587
4 2.00115
176000 4
1 2.38437
2 1.61138
3 1.58914
4 2.25167
177000 4
1 2.40687
2 1.60425
3 1.82513
4 2.16237
178000 4
1 2.21337
2 1.67278
3 1.81573
4 2.14144
179000 4
1 2.20274
2 1.61527
3 1.85727
4 2.11682
180000 4
1 2.17494
2 1.88118
3 1.78613
4 1.94525
181000 4
1 2.12991
2 1.88038
3 1.82309
4 1.93992
182000 4
1 2.11099
2 1.93313
3 1.6926
4 1.92162
183000 4
1 2.09291
2 1.949
3 1.79291
4 1.87257
184000 4
1 2.17642
2 1.79014
3 1.82014
4 1.93347
185000 4
1 2.1548
2 2.23973
3 1.58313
4 1.84633
186000 4
1 2.17252
2 1.76594
3 1.88833
4 2.07981
187000 4
1 2.1596
2 1.9138
3 1.81648
4 1.92201
188000 4
1 2.23127
2 1.84428
3 1.7843
4 1.96392
189000 4
1 2.29097
2 1.92058
3 1.73558
4 1.71478
190000 4
1 2.40906
2 1.92363
3 1.81687
4 1.72208
191000 4
1 2.60655
2 1.8007
3 1.69398
4 1.66882
192000 4
1 2.44017
2 1.96134
3 1.69318
4 1.75403
193000 4
1 2.53257
2 1.88582
3 1.63418
4 1.76038
194000 4
1 2.47474
2 1.99439
3 1.4867
4 1.84985
195000 4
1 2.28093
2 2.02497
3 1.59908
4 1.84627
196000 4
1 2.31917
2 1.94732
3 1.6017
4 1.81913
197000 4
1 2.45943
2 2.0098
3 1.67906
4 1.68009
198000 4
1 2.50189
2 1.94056
3 1.53591
4 1.68749
199000 4
1 2.28317
2 2.0435
3 1.75712
4 1.79927
200000 4
1 2.27407
2 1.96041
3 1.64785
4 1.90329
201000 4
1 2.07828
2 1.95946
3 1.82266
4 1.90903
202000 4
1 2.11201
2 2.04954
3 1.80968
4 1.83074
203000 4
1 2.29909
2 1.87721
3 1.7363
4 1.86879
204000 4
1 2.32849
2 2.04077
3 1.66563
4 1.75768
205000 4
1 2.41823
2 1.96407
3 1.75004
4 1.68697
206000 4
1 2.47876
2 1.9631
3 1.62169
4 1.79145
207000 4
1 2.55086
2 1.78076
3 1.67606
4 1.7576
208000 4
1 2.49441
2 1.66438
3 1.67062
4 1.9174
209000 4
1 2.40874
2 1.78027
3 1.7886
4 1.85926
210000 4
1 2.60916
2 1.73538
3 1.72478
4 1.80148
211000 4
1 2.70043
2 1.80144
3 1.711
4 1.72208
212000 4
1 2.69015
2 1.77551
3 1.79863
4 1.7114
213000 4
1 2.77254
2 1.70296
3 1.83858
4 1.68111
214000 4
1 2.74518
2 1.57989
3 1.94057
4 1.64675
215000 4
1 2.87242
2 1.56427
3 1.73825
4 1.73642
216000 4
1 2.83302
2 1.55835
3 1.73867
4 1.76304
217000 4
1 2.78422
2 1.49773
3 1.74735
4 1.91902
218000 4
1 2.77481
2 1.6055
3 1.65806
4 1.96228
219000 4
1 2.60058
2 1.62616
3 1.76611
4 1.90972
220000 4
1 2.84009
2 1.52679
3 1.73495
4 1.96615
221000 4
1 2.74703
2 1.60069
3 1.83996
4 1.74583
222000 4
1 2.86201
2 1.55458
3 1.75687
4 1.83045
223000 4
1 2.81226
2 1.60766
3 1.91243
4 1.67978
224000 4
1 2.95855
2 1.62395
3 1.79713
4 1.63143
225000 4
1 2.93491
2 1.64223
3 1.8401
4 1.68198
226000 4
1 3.04524
2 1.4761
3 1.79456
4 1.71802
227000 4
1 3.08616
2 1.47907
3 1.85216
4 1.6337
228000 4
1 2.96485
2 1.49584
3 1.82737
4 1.77195
229000 4
1 2.97157
2 1.43413
3 1.81398
4 1.84112
230000 4
1 2.75702
2 1.5211
3 1.70123
4 1.9865
231000 4
1 2.78285
2 1.43104
3 1.67048
4 1.98455
232000 4
1 2.82469
2 1.44744
3 1.76919
4 1.86627
233000 4
1 2.66526
2 1.48973
3 2.01452
4 1.73347
234000 4
1 2.57042
2 1.48697
3 1.97815
4 1.77189
235000 4
1 2.45846
2 1.41273
3 2.09525
4 1.92568
236000 4
1 2.57126
2 1.44992
3 2.03112
4 1.80815
237000 4
1 2.2998
2 1.51384
3 1.98774
4 2.05682
238000 4
1 2.41121
2 1.49029
3 2.10946
4 1.84686
239000 4
1 2.39458
2 1.60075
3 1.94331
4 1.94764
240000 4
1 2.35549
2 1.73229
3 1.93254
4 1.80239
241000 4
1 2.45281
2 1.7435
3 1.7393
4 1.95875
242000 4
1 2.46556
2 1.69356
3 1.82224
4 1.88596
243000 4
1 2.33223
2 1.58117
3 1.8575
4 2.04687
244000 4
1 2.41319
2 1.52928
3 2.04239
4 1.91598
245000 4
1 2.3001
2 1.76831
3 1.86587
4 1.80864
246000 4
1 2.50535
2 1.70646
3 1.72129
4 1.81092
247000 4
1 2.28665
2 1.67501
3 1.95405
4 1.84322
248000 4
1 2.49191
2 1.6455
3 1.6736
4 1.93452
249000 4
1 2.56466
2 1.74441
3 1.66909
4 1.73209
250000 4
1 2.58777
2 1.686
3 1.69532
4 1.81978
251000 4
1 2.37857
2 1.80958
3 1.86053
4 1.71743
252000 4
1 2.53636
2 1.80439
3 1.82896
4 1.64088
253000 4
1 2.30622
2 1.76125
3 1.91494
4 1.78867
254000 4
1 2.257
2 1.73286
3 1.94987
4 1.7445
255000 4
1 2.32852
2 1.73011
3 1.81264
4 1.86829
256000 4
1 2.41049
2 1.8071
3 1.79085
4 1.72179
257000 4
1 2.38175
2 1.72368
3 1.82848
4 1.82991
258000 4
1 2.32657
2 1.76977
3 1.81241
4 1.77313
259000 4
1 2.38456
2 1.78253
3 1.66476
4 1.84238
260000 4
1 2.38682
2 1.94441
3 1.74561
4 1.56729
261000 4
1 2.3691
2 1.74041
3 1.69855
4 1.88619
262000 4
1 2.39881
2 1.75094
3 1.69375
4 1.90277
263000 4
1 2.53105
2 1.8367
3 1.65044
4 1.67898
264000 4
1 2.5158
2 1.82639
3 1.80595
4 1.59715
265000 4
1 2.52625
2 1.70534
3 1.757
4 1.64941
266000 4
1 2.49415
2 1.66128
3 1.74165
4 1.70133
267000 4
1 2.37352
2 1.66014
3 1.77123
4 1.82729
268000 4
1 2.48452
2 1.66619
3 1.76141
4 1.8294
269000 4
1 2.49085
2 1.6765
3 1.7597
4 1.87472
270000 4
1 2.45843
2 1.63997
3 1.7577
4 1.87482
271000 4
1 2.51644
2 1.69008
3 1.67508
4 1.86951
272000 4
1 2.38673
2 1.68783
3 1.86612
4 1.87917
273000 4
1 2.35871
2 1.74996
3 1.79273
4 1.79542
274000 4
1 2.27164
2 1.83171
3 1.77012
4 1.90372
275000 4
1 2.34604
2 1.74083
3 1.85284
4 1.74587
276000 4
1 2.32314
2 1.65921
3 2.04949
4 1.74622
277000 4
1 2.36816
2 1.74461
3 1.88977
4 1.77261
278000 4
1 2.40961
2 1.69859
3 1.89713
4 1.68998
279000 4
1 2.41599
2 1.76924
3 1.71723
4 1.83472
280000 4
1 2.42936
2 1.77595
3 1.90483
4 1.69456
281000 4
1 2.52581
2 1.86815
3 1.77181
4 1.6622
282000 4
1 2.56796
2 1.79826
3 1.68841
4 1.67925
283000 4
1 2.55209
2 1.65154
3 1.77013
4 1.77618
284000 4
1 2.37189
2 1.69537
3 1.73521
4 1.78067
285000 4
1 2.47567
2 1.75802
3 1.68016
4 1.8557
286000 4
1 2.37259
2 1.70381
3 1.65914
4 1.95879
287000 4
1 2.40266
2 1.83689
3 1.55747
4 1.87852
288000 4
1 2.34087
2 1.82495
3 1.79141
4 1.84674
289000 4
1 2.33428
2 1.77601
3 1.76665
4 1.78253
290000 4
1 2.34929
2 1.73205
3 1.74298
4 1.84103
291000 4
1 2.62859
2 1.79209
3 1.68741
4 1.73058
292000 4
1 2.45414
2 1.86251
3 1.80229
4 1.59977
293000 4
1 2.42405
2 1.86159
3 1.83418
4 1.64833
294000 4
1 2.35706
2 1.91975
3 1.86614
4 1.60017
295000 4
1 2.33016
2 1.71837
3 1.84457
4 1.86108
296000 4
1 2.44047
2 1.78659
3 1.76772
4 1.84375
297000 4
1 2.46
2 1.74064
3 1.71646
4 1.8486
298000 4
1 2.45311
2 1.7642
3 1.71255
4 1.86975
299000 4
1 2.36618
2 1.73574
3 1.64421
4 1.96006
300000 4
1 2.37936
2 1.82094
3 1.73701
4 1.82963
301000 4
1 2.45376
2 1.7772
3 1.63988
4 1.88339
302000 4
1 2.52595
2 1.77566
3 1.64294
4 1.76941
303000 4
1 2.49756
2 1.86649
3 1.6601
4 1.76753
304000 4
1 2.37383
2 2.04788
3 1.6527
4 1.77981
305000 4
1 2.41606
2 1.93455
3 1.59814
4 1.79228
306000 4
1 2.35322
2 1.99681
3 1.50002
4 1.87526
307000 4
1 2.43845
2 1.90031
3 1.62616
4 1.85994
308000 4
1 2.6517
2 1.76375
3 1.51599
4 1.83489
309000 4
1 2.63597
2 1.73549
3 1.53633
4 1.79471
310000 4
1 2.65473
2 1.7107
3 1.6214
4 1.75255
311000 4
1 2.51783
2 1.63957
3 1.68653
4 1.94111
312000 4
1 2.51913
2 1.73813
3 1.68681
4 1.8269
313000 4
1 2.38244
2 1.81191
3 1.69234
4 1.80081
314000 4
1 2.38726
2 1.93895
3 1.76998
4 1.72969
315000 4
1 2.38434
2 2.03673
3 1.67565
4 1.67273
316000 4
1 2.40752
2 1.7252
3 1.72659
4 1.76767
317000 4
1 2.46232
2 1.8159
3 1.65718
4 1.77405
318000 4
1 2.4895
2 1.59937
3 1.86288
4 1.86902
319000 4
1 2.6464
2 1.67093
3 1.72457
4 1.72491
320000 4
1 2.48802
2 1.66997
3 1.92132
4 1.72319
321000 4
1 2.4421
2 1.70578
3 1.92518
4 1.59115
322000 4
1 2.43515
2 1.71536
3 1.8884
4 1.68844
323000 4
1 2.45186
2 1.76416
3 1.92474
4 1.54864
324000 4
1 2.51229
2 1.87245
3 1.79422
4 1.56866
325000 4
1 2.57366
2 1.73262
3 1.83101
4 1.5985
326000 4
1 2.57856
2 1.91861
3 1.70233
4 1.48547
327000 4
1 2.54345
2 1.75134
3 1.78889
4 1.63684
328000 4
1 2.64474
2 1.92124
3 1.5954
4 1.55035
329000 4
1 2.5578
2 1.79028
3 1.66606
4 1.69936
330000 4
1 2.59863
2 1.72666
3 1.69581
4 1.69769
331000 4
1 2.52764
2 1.75778
3 1.6965
4 1.669
332000 4
1 2.52105
2 1.76516
3 1.63406
4 1.74408
333000 4
1 2.51776
2 1.87234
3 1.75061
4 1.66508
334000 4
1 2.5815
2 1.82052
3 1.60239
4 1.82876
335000 4
1 2.49874
2 1.93453
3 1.51905
4 1.78657
336000 4
1 2.47695
2 1.89562
3 1.6481
4 1.82574
337000 4
1 2.35901
2 1.98213
3 1.74276
4 1.70753
338000 4
1 2.35025
2 1.88864
3 1.71036
4 1.72986
339000 4
1 2.31938
2 1.90579
3 1.69433
4 1.78826
340000 4
1 2.31251
2 1.97022
3 1.7054
4 1.76256
341000 4
1 2.45743
2 1.94323
3 1.60109
4 1.85527
342000 4
1 2.51234
2 1.92678
3 1.49749
4 1.90974
343000 4
1 2.42841
2 1.91893
3 1.53377
4 1.86312
344000 4
1 2.35853
2 1.8859
3 1.63258
4 1.85231
345000 4
1 2.38735
2 1.83354
3 1.61565
4 1.91027
346000 4
1 2.4781
2 1.78227
3 1.59416
4 1.80128
347000 4
1 2.53527
2 1.82793
3 1.57887
4 1.77463
348000 4
1 2.43543
2 1.94653
3 1.71298
4 1.65142
349000 4
1 2.40914
2 1.94322
3 1.68543
4 1.6687
350000 4
1 2.41633
2 1.8853
3 1.70913
4 1.75931
351000 4
1 2.34943
2 1.8716
3 1.62807
4 1.75438
352000 4
1 2.40158
2 1.84352
3 1.612
4 1.82721
353000 4
1 2.40571
2 1.80706
3 1.6364
4 1.80224
354000 4
1 2.3745
2 1.86859
3 1.62421
4 1.85892
355000 4
1 2.33768
2 1.88656
3 1.73253
4 1.77311
356000 4
1 2.30195
2 1.84236
3 1.69116
4 1.87035
357000 4
1 2.36711
2 1.84985
3 1.65725
4 1.91313
358000 4
1 2.35003
2 1.84273
3 1.72892
4 1.80463
359000 4
1 2.30887
2 1.88502
3 1.55784
4 1.90713
360000 4
1 2.35867
2 1.85536
3 1.53942
4 1.95274
361000 4
1 2.34605
2 1.88337
3 1.54326
4 1.86403
362000 4
1 2.38588
2 1.86482
3 1.55742
4 1.83076
363000 4
1 2.40633
2 1.86627
3 1.58833
4 1.8326
364000 4
1 2.43318
2 1.95819
3 1.61822
4 1.74307
365000 4
1 2.37244
2 1.85596
3 1.63802
4 1.80514
366000 4
1 2.42009
2 1.85892
3 1.65483
4 1.77011
367000 4
1 2.49861
2 1.68629
3 1.64655
4 1.82039
368000 4
1 2.47084
2 1.77782
3 1.60466
4 1.8834
369000 4
1 2.51558
2 1.7364
3 1.64607
4 1.69876
370000 4
1 2.56445
2 1.74616
3 1.65012
4 1.75384
371000 4
1 2.4644
2 1.81079
3 1.73892
4 1.66323
372000 4
1 2.55153
2 1.83728
3 1.6749
4 1.64599
373000 4
1 2.56417
2 1.78196
3 1.69411
4 1.61801
374000 4
1 2.43896
2 1.70802
3 1.72238
4 1.76084
375000 4
1 2.55702
2 1.83954
3 1.62597
4 1.66982
376000 4
1 2.5767
2 1.73217
3 1.6753
4 1.77284
377000 4
1 2.53694
2 1.80641
3 1.65996
4 1.69743
378000 4
1 2.44154
2 1.83228
3 1.71466
4 1.68132
379000 4
1 2.3814
2 1.93056
3 1.57819
4 1.63053
380000 4
1 2.53283
2 1.72284
3 1.59676
4 1.7534
381000 4
1 2.70078
2 1.58789
3 1.58215
4 1.75932
382000 4
1 2.57404
2 1.55144
3 1.64821
4 1.80405
383000 4
1 2.56366
2 1.58184
3 1.70483
4 1.80343
384000 4
1 2.5047
2 1.56426
3 1.67623
4 1.89539
385000 4
1 2.53054
2 1.61208
3 1.72153
4 1.83931
386000 4
1 2.59722
2 1.62333
3 1.59001
4 1.82734
387000 4
1 2.62433
2 1.53693
3 1.62925
4 1.90148
388000 4
1 2.75273
2 1.61
3 1.51266
4 1.81371
389000 4
1 2.65644
2 1.50868
3 1.57904
4 1.95979
390000 4
1 2.75437
2 1.6663
3 1.50968
4 1.78543
391000 4
1 2.74374
2 1.63037
3 1.52538
4 1.90108
392000 4
1 2.71262
2 1.66765
3 1.52752
4 1.79885
393000 4
1 2.66295
2 1.61322
3 1.58459
4 1.85242
394000 4
1 2.57921
2 1.747
3 1.63695
4 1.83517
395000 4
1 2.65999
2 1.60518
3 1.57547
4 1.86571
396000 4
1 2.7413
2 1.64278
3 1.57107
4 1.77179
397000 4
1 2.84285
2 1.5513
3 1.51313
4 1.67307
398000 4
1 2.67554
2 1.70761
3 1.51457
4 1.71782
399000 4
1 2.72803
2 1.63187
3 1.5304
4 1.79343
400000 4
1 2.66111
2 1.61008
3 1.6808
4 1.6921
401000 4
1 2.65902
2 1.66054
3 1.61124
4 1.78892
402000 4
1 2.69224
2 1.80024
3 1.54015
4 1.65895
403000 4
1 2.66236
2 1.74719
3 1.58557
4 1.68872
404000 4
1 2.65509
2 1.75713
3 1.51694
4 1.71369
405000 4
1 2.76626
2 1.64769
3 1.58556
4 1.66983
406000 4
1 2.66822
2 1.70967
3 1.69477
4 1.62575
407000 4
1 2.65129
2 1.62998
3 1.60805
4 1.66074
408000 4
1 2.69365
2 1.62622
3 1.58082
4 1.68281
409000 4
1 2.6616
2 1.67533
3 1.54321
4 1.71763
410000 4
1 2.63216
2 1.653
3 1.56044
4 1.748
411000 4
1 2.68487
2 1.55692
3 1.61185
4 1.76846
412000 4
1 2.50973
2 1.6817
3 1.67799
4 1.69642
413000 4
1 2.54406
2 1.74261
3 1.60793
4 1.73761
414000 4
1 2.55422
2 1.7863
3 1.59284
4 1.71216
415000 4
1 2.60274
2 1.61526
3 1.55294
4 1.89002
416000 4
1 2.60629
2 1.66111
3 1.58145
4 1.81597
417000 4
1 2.59089
2 1.58011
3 1.6375
4 1.88046
418000 4
1 2.62409
2 1.62774
3 1.54448
4 1.77171
419000 4
1 2.5881
2 1.59501
3 1.52609
4 1.93033
420000 4
1 2.60815
2 1.6032
3 1.56026
4 1.90826
421000 4
1 2.64097
2 1.54806
3 1.51424
4 1.93614
422000 4
1 2.68244
2 1.60422
3 1.45919
4 1.89203
423000 4
1 2.67419
2 1.54481
3 1.56809
4 1.84747
424000 4
1 2.68177
2 1.59427
3 1.53714
4 1.88257
425000 4
1 2.7025
2 1.53013
3 1.60835
4 1.75067
426000 4
1 2.71928
2 1.55378
3 1.53886
4 1.81374
427000 4
1 2.6867
2 1.39307
3 1.64944
4 1.9265
428000 4
1 2.59218
2 1.48069
3 1.60814
4 1.88494
429000 4
1 2.62172
2 1.50261
3 1.6235
4 1.88226
430000 4
1 2.52618
2 1.49658
3 1.70974
4 1.91042
431000 4
1 2.70981
2 1.54715
3 1.7126
4 1.66947
432000 4
1 2.73535
2 1.48498
3 1.69437
4 1.70779
433000 4
1 2.70778
2 1.59655
3 1.71982
4 1.68684
434000 4
1 2.5873
2 1.63801
3 1.73568
4 1.75458
435000 4
1 2.64531
2 1.55496
3 1.72964
4 1.75552
436000 4
1 2.61653
2 1.57923
3 1.61486
4 1.77368
437000 4
1 2.68148
2 1.55503
3 1.55062
4 1.82789
438000 4
1 2.70601
2 1.5454
3 1.70806
4 1.72208
439000 4
1 2.6218
2 1.4523
3 1.70972
4 1.73801
440000 4
1 2.63117
2 1.57685
3 1.67468
4 1.70939
441000 4
1 2.68139
2 1.58067
3 1.63084
4 1.73525
442000 4
1 2.76015
2 1.61389
3 1.64502
4 1.72788
443000 4
1 2.62895
2 1.62117
3 1.6057
4 1.84569
444000 4
1 2.63631
2 1.57064
3 1.61378
4 1.80898
445000 4
1 2.66608
2 1.66396
3 1.60399
4 1.75323
446000 4
1 2.61467
2 1.59425
3 1.59121
4 1.7843
447000 4
1 2.6168
2 1.57021
3 1.62048
4 1.78473
448000 4
1 2.62764
2 1.63416
3 1.63374
4 1.72694
449000 4
1 2.71492
2 1.65935
3 1.63705
4 1.65862
450000 4
1 2.74266
2 1.61618
3 1.65975
4 1.56
451000 4
1 2.87481
2 1.60271
3 1.62811
4 1.6613
452000 4
1 2.56127
2 1.62026
3 1.62408
4 1.71868
453000 4
1 2.59828
2 1.58568
3 1.63231
4 1.84241
454000 4
1 2.50111
2 1.66934
3 1.65626
4 1.76555
455000 4
1 2.59789
2 1.58384
3 1.61302
4 1.86179
456000 4
1 2.58008
2 1.53877
3 1.64834
4 1.78516
457000 4
1 2.61422
2 1.55274
3 1.62
4 1.7772
458000 4
1 2.59281
2 1.52059
3 1.73297
4 1.78632
459000 4
1 2.60274
2 1.51309
3 1.75004
4 1.72134
460000 4
1 2.52444
2 1.58446
3 1.676
4 1.7574
461000 4
1 2.53179
2 1.53051
3 1.7692
4 1.79985
462000 4
1 2.57705
2 1.53927
3 1.65942
4 1.83327
463000 4
1 2.62126
2 1.53002
3 1.79315
4 1.69827
464000 4
1 2.62592
2 1.54686
3 1.75524
4 1.66513
465000 4
1 2.6711
2 1.5301
3 1.73969
4 1.66897
466000 4
1 2.68238
2 1.49212
3 1.68397
4 1.6495
467000 4
1 2.60158
2 1.50335
3 1.7344
4 1.69067
468000 4
1 2.56137
2 1.58746
3 1.72028
4 1.7266
469000 4
1 2.50029
2 1.48162
3 1.84543
4 1.74529
470000 4
1 2.53259
2 1.50683
3 1.82659
4 1.67949
471000 4
1 2.64802
2 1.48232
3 1.79432
4 1.75634
472000 4
1 2.59672
2 1.50653
3 1.81982
4 1.6947
473000 4
1 2.53924
2 1.54142
3 1.83817
4 1.71277
474000 4
1 2.54451
2 1.50219
3 1.85109
4 1.72003
475000 4
1 2.55991
2 1.49781
3 1.81071
4 1.68155
476000 4
1 2.72537
2 1.56252
3 1.77382
4 1.63267
477000 4
1 2.65748
2 1.58124
3 1.77939
4 1.58851
478000 4
1 2.71415
2 1.59665
3 1.79331
4 1.52194
479000 4
1 2.70648
2 1.60807
3 1.66299
4 1.57368
480000 4
1 2.71141
2 1.50395
3 1.69206
4 1.66224
481000 4
1 2.71173
2 1.51914
3 1.74917
4 1.55277
482000 4
1 2.66807
2 1.54058
3 1.74811
4 1.58442
483000 4
1 2.66556
2 1.56447
3 1.68069
4 1.57262
484000 4
1 2.65301
2 1.55263
3 1.67516
4 1.618
485000 4
1 2.70707
2 1.53376
3 1.58361
4 1.6696
486000 4
1 2.75793
2 1.60166
3 1.57793
4 1.66143
487000 4
1 2.6704
2 1.54051
3 1.55762
4 1.82504
488000 4
1 2.63108
2 1.52085
3 1.62871
4 1.75626
489000 4
1 2.65918
2 1.48782
3 1.71733
4 1.6678
490000 4
1 2.56878
2 1.58613
3 1.7944
4 1.67131
491000 4
1 2.57442
2 1.68027
3 1.67398
4 1.68836
492000 4
1 2.57321
2 1.7623
3 1.62946
4 1.67367
493000 4
1 2.47724
2 1.78071
3 1.62625
4 1.76396
494000 4
1 2.40162
2 1.82669
3 1.60635
4 1.75903
495000 4
1 2.51064
2 1.85851
3 1.55679
4 1.66936
496000 4
1 2.49043
2 1.79023
3 1.66282
4 1.60199
497000 4
1 2.40884
2 1.82089
3 1.62748
4 1.71218
498000 4
1 2.41783
2 1.77382
3 1.62946
4 1.67662
499000 4
1 2.35763
2 1.80865
3 1.66301
4 1.688
500000 4
1 2.40864
2 1.72625
3 1.80234
4 1.64869
501000 4
1 2.42623
2 1.7099
3 1.74234
4 1.62171
502000 4
1 2.45264
2 1.73097
3 1.68938
4 1.7103
503000 4
1 2.45119
2 1.64213
3 1.68576
4 1.69724
504000 4
1 2.43923
2 1.72324
3 1.65554
4 1.71619
505000 4
1 2.45047
2 1.6961
3 1.68446
4 1.71812
506000 4
1 2.45513
2 1.70088
3 1.63189
4 1.71164
507000 4
1 2.50554
2 1.79893
3 1.56368
4 1.66018
508000 4
1 2.45578
2 1.72645
3 1.64635
4 1.70583
509000 4
1 2.40648
2 1.75538
3 1.68773
4 1.72672
510000 4
1 2.44413
2 1.71932
3 1.59673
4 1.76701
511000 4
1 2.49109
2 1.7003
3 1.60019
4 1.76192
512000 4
1 2.51691
2 1.65646
3 1.64909
4 1.76392
513000 4
1 2.54739
2 1.58817
3 1.71849
4 1.68261
514000 4
1 2.52368
2 1.56774
3 1.69439
4 1.70175
515000 4
1 2.57426
2 1.64395
3 1.58142
4 1.68366
516000 4
1 2.6566
2 1.72129
3 1.55319
4 1.58684
517000 4
1 2.68164
2 1.66477
3 1.51239
4 1.68532
518000 4
1 2.61142
2 1.71863
3 1.52864
4 1.70233
519000 4
1 2.56651
2 1.65976
3 1.59621
4 1.76301
520000 4
1 2.61753
2 1.62279
3 1.62114
4 1.74098
521000 4
1 2.63678
2 1.60047
3 1.63144
4 1.71486
522000 4
1 2.60493
2 1.6267
3 1.66338
4 1.6047
523000 4
1 2.57568
2 1.63354
3 1.67298
4 1.68694
524000 4
1 2.62522
2 1.57937
3 1.6373
4 1.62965
525000 4
1 2.68163
2 1.5637
3 1.64753
4 1.65815
526000 4
1 2.65438
2 1.62689
3 1.54046
4 1.76038
527000 4
1 2.66733
2 1.70904
3 1.48249
4 1.66612
528000 4
1 2.68275
2 1.6603
3 1.45361
4 1.74662
529000 4
1 2.63054
2 1.73782
3 1.51662
4 1.69027
530000 4
1 2.66782
2 1.67681
3 1.5502
4 1.65816
531000 4
1 2.68265
2 1.57678
3 1.59394
4 1.6997
532000 4
1 2.70653
2 1.58817
3 1.55213
4 1.78221
533000 4
1 2.78403
2 1.56636
3 1.51863
4 1.72125
534000 4
1 2.64879
2 1.60036
3 1.58794
4 1.78057
535000 4
1 2.647
2 1.49606
3 1.54782
4 1.79124
536000 4
1 2.69394
2 1.53428
3 1.52624
4 1.84152
537000 4
1 2.58705
2 1.62283
3 1.57888
4 1.75323
538000 4
1 2.68615
2 1.57568
3 1.5331
4 1.75499
539000 4
1 2.75905
2 1.52341
3 1.52745
4 1.7191
540000 4
1 2.70648
2 1.6146
3 1.5202
4 1.73817
541000 4
1 2.66474
2 1.60293
3 1.57796
4 1.74886
542000 4
1 2.72846
2 1.62015
3 1.5304
4 1.71706
543000 4
1 2.67993
2 1.54526
3 1.68083
4 1.68119
544000 4
1 2.58832
2 1.59353
3 1.59882
4 1.70778
545000 4
1 2.57728
2 1.54333
3 1.68903
4 1.77151
546000 4
1 2.63976
2 1.59243
3 1.63222
4 1.7741
547000 4
1 2.74251
2 1.52685
3 1.54777
4 1.76213
548000 4
1 2.68751
2 1.52612
3 1.55558
4 1.86322
549000 4
1 2.65662
2 1.45453
3 1.59321
4 1.84492
550000 4
1 2.61586
2 1.44644
3 1.54499
4 1.89756
551000 4
1 2.62542
2 1.49296
3 1.59505
4 1.85407
552000 4
1 2.64948
2 1.49253
3 1.60477
4 1.82253
553000 4
1 2.7004
2 1.43828
3 1.63046
4 1.78867
554000 4
1 2.64144
2 1.40503
3 1.70417
4 1.77859
555000 4
1 2.73087
2 1.51386
3 1.65474
4 1.67323
556000 4
1 2.7805
2 1.47825
3 1.56739
4 1.75022
557000 4
1 2.71124
2 1.46311
3 1.61815
4 1.68929
558000 4
1 2.74439
2 1.46896
3 1.65532
4 1.66033
559000 4
1 2.66383
2 1.41114
3 1.7238
4 1.72337
560000 4
1 2.73804
2 1.36246
3 1.70053
4 1.75234
561000 4
1 2.79564
2 1.38213
3 1.66587
4 1.7793
562000 4
1 2.7751
2 1.43113
3 1.62423
4 1.80156
563000 4
1 2.82121
2 1.44831
3 1.58709
4 1.74093
564000 4
1 2.74077
2 1.48712
3 1.57029
4 1.73146
565000 4
1 2.64316
2 1.51602
3 1.63364
4 1.77417
566000 4
1 2.6415
2 1.46368
3 1.70424
4 1.72734
567000 4
1 2.73354
2 1.49657
3 1.60369
4 1.66798
568000 4
1 2.71076
2 1.51711
3 1.59685
4 1.74315
569000 4
1 2.72375
2 1.54358
3 1.56061
4 1.77305
570000 4
1 2.78785
2 1.54767
3 1.5338
4 1.71028
571000 4
1 2.78759
2 1.65568
3 1.48331
4 1.59146
572000 4
1 2.78854
2 1.67583
3 1.47733
4 1.61096
573000 4
1 2.82377
2 1.59658
3 1.50495
4 1.60348
574000 4
1 2.70336
2 1.54882
3 1.53696
4 1.73156
575000 4
1 2.65628
2 1.68934
3 1.49433
4 1.66343
576000 4
1 2.70689
2 1.68013
3 1.48801
4 1.64842
577000 4
1 2.70475
2 1.64405
3 1.57286
4 1.58184
578000 4
1 2.69788
2 1.71063
3 1.50065
4 1.65365
579000 4
1 2.73215
2 1.68274
3 1.54338
4 1.61148
580000 4
1 2.74874
2 1.62726
3 1.57917
4 1.59524
581000 4
1 2.73678
2 1.64489
3 1.53273
4 1.59208
582000 4
1 2.74458
2 1.67166
3 1.5996
4 1.55437
583000 4
1 2.78927
2 1.62827
3 1.62811
4 1.51
584000 4
1 2.7179
2 1.56199
3 1.68817
4 1.60331
585000 4
1 2.61653
2 1.5337
3 1.65196
4 1.64237
586000 4
1 2.69664
2 1.62031
3 1.62995
4 1.60769
587000 4
1 2.78394
2 1.55958
3 1.63526
4 1.54339
588000 4
1 2.79003
2 1.569
3 1.60769
4 1.52415
589000 4
1 2.82844
2 1.59795
3 1.55807
4 1.52116
590000 4
1 2.67969
2 1.67883
3 1.61403
4 1.59525
591000 4
1 2.73792
2 1.58076
3 1.61351
4 1.60598
592000 4
1 2.72497
2 1.54892
3 1.54374
4 1.67747
593000 4
1 2.72237
2 1.59909
3 1.52365
4 1.66186
594000 4
1 2.73387
2 1.59146
3 1.58707
4 1.64845
595000 4
1 2.69334
2 1.65083
3 1.56623
4 1.60367
596000 4
1 2.65538
2 1.58656
3 1.58338
4 1.67404
597000 4
1 2.7309
2 1.52625
3 1.66217
4 1.63688
598000 4
1 2.775
2 1.56768
3 1.60539
4 1.63334
599000 4
1 2.75897
2 1.53913
3 1.63606
4 1.60407
600000 4
1 2.76672
2 1.53091
3 1.60893
4 1.63008
601000 4
1 2.67152
2 1.59157
3 1.60567
4 1.62959
602000 4
1 2.64058
2 1.64112
3 1.72162
4 1.55673
603000 4
1 2.62699
2 1.57572
3 1.67563
4 1.65997
604000 4
1 2.66632
2 1.5589
3 1.64135
4 1.65847
605000 4
1 2.67929
2 1.60121
3 1.61962
4 1.63065
606000 4
1 2.67833
2 1.57932
3 1.69627
4 1.61502
607000 4
1 2.7003
2 1.56654
3 1.70164
4 1.57599
608000 4
1 2.74025
2 1.55927
3 1.68189
4 1.54964
609000 4
1 2.70191
2 1.56575
3 1.75592
4 1.59753
610000 4
1 2.81277
2 1.50235
3 1.71876
4 1.61753
611000 4
1 2.74406
2 1.55975
3 1.61956
4 1.60395
612000 4
1 2.70001
2 1.56584
3 1.67044
4 1.62557
613000 4
1 2.64425
2 1.60465
3 1.60961
4 1.6809
614000 4
1 2.65546
2 1.65389
3 1.58669
4 1.6051
615000 4
1 2.5822
2 1.59663
3 1.60632
4 1.65892
616000 4
1 2.68419
2 1.58133
3 1.57106
4 1.77088
617000 4
1 2.68634
2 1.4536
3 1.58597
4 1.7492
618000 4
1 2.82273
2 1.50399
3 1.65356
4 1.61652
619000 4
1 2.70423
2 1.57815
3 1.62845
4 1.60705
620000 4
1 2.77681
2 1.52701
3 1.56082
4 1.67223
621000 4
1 2.83948
2 1.54073
3 1.5515
4 1.59175
622000 4
1 2.74064
2 1.53156
3 1.64018
4 1.61296
623000 4
1 2.73327
2 1.48469
3 1.64164
4 1.62494
624000 4
1 2.75296
2 1.52026
3 1.6115
4 1.64754
625000 4
1 2.75262
2 1.55558
3 1.6286
4 1.62742
626000 4
1 2.762
2 1.64125
3 1.54053
4 1.60228
627000 4
1 2.72444
2 1.66476
3 1.63266
4 1.55307
628000 4
1 2.76746
2 1.56829
3 1.66651
4 1.51022
629000 4
1 2.73453
2 1.58847
3 1.68131
4 1.54072
630000 4
1 2.72627
2 1.57419
3 1.67495
4 1.5092
631000 4
1 2.80595
2 1.5556
3 1.61667
4 1.54437
632000 4
1 2.85689
2 1.58031
3 1.55517
4 1.52399
633000 4
1 2.81162
2 1.57673
3 1.59594
4 1.53241
634000 4
1 2.82803
2 1.5675
3 1.60005
4 1.49251
635000 4
1 2.80012
2 1.64606
3 1.62197
4 1.48192
636000 4
1 2.87994
2 1.68024
3 1.55863
4 1.44673
637000 4
1 2.9046
2 1.62934
3 1.6057
4 1.42729
638000 4
1 2.77609
2 1.67165
3 1.59142
4 1.50879
639000 4
1 2.71744
2 1.70513
3 1.5732
4 1.48917
640000 4
1 2.68269
2 1.7258
3 1.58484
4 1.51956
641000 4
1 2.59476
2 1.74181
3 1.63686
4 1.53793
642000 4
1 2.61741
2 1.78146
3 1.72727
4 1.46178
643000 4
1 2.63384
2 1.72021
3 1.73554
4 1.45324
644000 4
1 2.68354
2 1.68417
3 1.62392
4 1.51566
645000 4
1 2.60749
2 1.65211
3 1.74801
4 1.55634
646000 4
1 2.55199
2 1.69429
3 1.60028
4 1.69687
647000 4
1 2.62217
2 1.7463
3 1.56705
4 1.65188
648000 4
1 2.67325
2 1.74032
3 1.51547
4 1.64564
649000 4
1 2.70809
2 1.80406
3 1.47001
4 1.61474
650000 4
1 2.7208
2 1.8665
3 1.48622
4 1.49856
651000 4
1 2.67772
2 1.8621
3 1.48191
4 1.53725
652000 4
1 2.69705
2 1.79289
3 1.48254
4 1.57842
653000 4
1 2.64614
2 1.80678
3 1.48489
4 1.57606
654000 4
1 2.63271
2 1.77681
3 1.49149
4 1.63744
655000 4
1 2.63151
2 1.80086
3 1.50162
4 1.65214
656000 4
1 2.54119
2 1.77841
3 1.55073
4 1.65274
657000 4
1 2.5895
2 1.78015
3 1.54731
4 1.62512
658000 4
1 2.64473
2 1.78491
3 1.45156
4 1.64082
659000 4
1 2.55557
2 1.76159
3 1.47902
4 1.68149
660000 4
1 2.58821
2 1.7487
3 1.5211
4 1.65509
661000 4
1 2.6189
2 1.72869
3 1.52905
4 1.6678
662000 4
1 2.6274
2 1.7625
3 1.53042
4 1.65096
663000 4
1 2.63207
2 1.75269
3 1.53057
4 1.58838
664000 4
1 2.69891
2 1.69277
3 1.52916
4 1.5961
665000 4
1 2.70736
2 1.67053
3 1.54281
4 1.57887
666000 4
1 2.7161
2 1.65172
3 1.65908
4 1.57509
667000 4
1 2.69566
2 1.62454
3 1.62672
4 1.62198
668000 4
1 2.64364
2 1.68293
3 1.5507
4 1.68542
669000 4
1 2.56282
2 1.65561
3 1.57196
4 1.70032
670000 4
1 2.61741
2 1.65298
3 1.54352
4 1.68592
671000 4
1 2.55516
2 1.66872
3 1.59467
4 1.66711
672000 4
1 2.68838
2 1.63245
3 1.59332
4 1.67374
673000 4
1 2.7023
2 1.6047
3 1.56555
4 1.71722
674000 4
1 2.75161
2 1.58422
3 1.5619
4 1.6506
675000 4
1 2.75017
2 1.62277
3 1.53197
4 1.66741
676000 4
1 2.77965
2 1.57187
3 1.57374
4 1.62907
677000 4
1 2.77976
2 1.57161
3 1.53867
4 1.68229
678000 4
1 2.66017
2 1.60946
3 1.61709
4 1.63504
679000 4
1 2.67077
2 1.62633
3 1.60094
4 1.66406
680000 4
1 2.69966
2 1.57774
3 1.55708
4 1.67214
681000 4
1 2.76765
2 1.59549
3 1.59718
4 1.60976
682000 4
1 2.77511
2 1.60239
3 1.59955
4 1.60051
683000 4
1 2.72562
2 1.61613
3 1.60487
4 1.65155
684000 4
1 2.6745
2 1.60248
3 1.72888
4 1.60492
685000 4
1 2.64927
2 1.60349
3 1.65327
4 1.65222
686000 4
1 2.72639
2 1.62098
3 1.62148
4 1.61334
687000 4
1 2.75602
2 1.62726
3 1.59416
4 1.59601
688000 4
1 2.75877
2 1.5753
3 1.61913
4 1.54917
689000 4
1 2.76815
2 1.63102
3 1.59991
4 1.54232
690000 4
1 2.75836
2 1.63387
3 1.65533
4 1.49354
691000 4
1 2.72601
2 1.69576
3 1.66104
4 1.48993
692000 4
1 2.73045
2 1.60766
3 1.72702
4 1.53659
693000 4
1 2.69749
2 1.5456
3 1.68522
4 1.59768
694000 4
1 2.72873
2 1.61507
3 1.6063
4 1.56263
695000 4
1 2.70159
2 1.62193
3 1.6217
4 1.60124
696000 4
1 2.76572
2 1.47873
3 1.64837
4 1.60727
697000 4
1 2.71088
2 1.50375
3 1.5924
4 1.63103
698000 4
1 2.70388
2 1.4655
3 1.71105
4 1.61086
699000 4
1 2.63786
2 1.5687
3 1.64103
4 1.6851
700000 4
1 2.61748
2 1.54482
3 1.6532
4 1.74953
701000 4
1 2.68781
2 1.54782
3 1.68003
4 1.72117
702000 4
1 2.69713
2 1.57105
3 1.66137
4 1.6128
703000 4
1 2.63101
2 1.65554
3 1.62783
4 1.61032
704000 4
1 2.59337
2 1.58401
3 1.68412
4 1.65362
705000 4
1 2.64807
2 1.62317
3 1.69346
4 1.56966
706000 4
1 2.7401
2 1.56287
3 1.6783
4 1.58364
707000 4
1 2.77254
2 1.44063
3 1.66349
4 1.67595
708000 4
1 2.77305
2 1.51174
3 1.65807
4 1.60623
709000 4
1 2.79137
2 1.51634
3 1.58847
4 1.57407
710000 4
1 2.82077
2 1.47887
3 1.626
4 1.61585
711000 4
1 2.7949
2 1.49669
3 1.57892
4 1.64565
712000 4
1 2.80401
2 1.46838
3 1.64537
4 1.63523
713000 4
1 2.79878
2 1.43679
3 1.67201
4 1.61076
714000 4
1 2.82213
2 1.54523
3 1.65717
4 1.52157
715000 4
1 2.76485
2 1.57879
3 1.65654
4 1.52811
716000 4
1 2.84526
2 1.4982
3 1.68868
4 1.5517
717000 4
1 2.81028
2 1.46895
3 1.6398
4 1.60783
718000 4
1 2.84433
2 1.4399
3 1.67932
4 1.55947
719000 4
1 2.80292
2 1.4602
3 1.65733
4 1.61415
720000 4
1 2.84039
2 1.44034
3 1.60333
4 1.65008
721000 4
1 2.73547
2 1.43744
3 1.66779
4 1.67264
722000 4
1 2.71381
2 1.44864
3 1.66431
4 1.69047
723000 4
1 2.77314
2 1.474
3 1.66694
4 1.64028
724000 4
1 2.7088
2 1.52147
3 1.6446
4 1.68698
725000 4
1 2.76916
2 1.47609
3 1.62954
4 1.68161
726000 4
1 2.74439
2 1.49572
3 1.65049
4 1.63775
727000 4
1 2.84878
2 1.46686
3 1.65092
4 1.55572
728000 4
1 2.88894
2 1.58459
3 1.53938
4 1.53037
729000 4
1 2.86501
2 1.51086
3 1.60498
4 1.59258
730000 4
1 2.76944
2 1.47618
3 1.6647
4 1.65779
731000 4
1 2.74389
2 1.51961
3 1.66283
4 1.58348
732000 4
1 2.66657
2 1.5289
3 1.61994
4 1.66844
733000 4
1 2.66128
2 1.46158
3 1.64825
4 1.76203
734000 4
1 2.65969
2 1.50729
3 1.65598
4 1.75283
735000 4
1 2.60725
2 1.50103
3 1.63632
4 1.71308
736000 4
1 2.64699
2 1.52089
3 1.6701
4 1.66742
737000 4
1 2.71729
2 1.52941
3 1.5582
4 1.62478
738000 4
1 2.67661
2 1.60739
3 1.49805
4 1.76632
739000 4
1 2.68735
2 1.67411
3 1.51237
4 1.71312
740000 4
1 2.68192
2 1.67732
3 1.48229
4 1.69518
741000 4
1 2.71379
2 1.5941
3 1.48955
4 1.80388
742000 4
1 2.67079
2 1.59579
3 1.51577
4 1.70928
743000 4
1 2.69257
2 1.62766
3 1.52914
4 1.76171
744000 4
1 2.70484
2 1.57946
3 1.5537
4 1.73881
745000 4
1 2.72616
2 1.54065
3 1.54112
4 1.70196
746000 4
1 2.81313
2 1.52389
3 1.50843
4 1.72095
747000 4
1 2.82807
2 1.47325
3 1.51996
4 1.74791
748000 4
1 2.81313
2 1.41313
3 1.49371
4 1.8247
749000 4
1 2.84849
2 1.43137
3 1.52969
4 1.66559
750000 4
1 2.8643
2 1.47098
3 1.50459
4 1.68223
751000 4
1 2.82681
2 1.46118
3 1.53526
4 1.72115
752000 4
1 2.89738
2 1.48937
3 1.47723
4 1.67666
753000 4
1 2.82689
2 1.51168
3 1.56473
4 1.6228
754000 4
1 2.76888
2 1.53521
3 1.53433
4 1.65645
755000 4
1 2.73058
2 1.5309
3 1.60948
4 1.62994
756000 4
1 2.74194
2 1.41382
3 1.63353
4 1.73113
757000 4
1 2.7668
2 1.46668
3 1.62991
4 1.71839
758000 4
1 2.79779
2 1.45347
3 1.60256
4 1.70064
759000 4
1 2.74202
2 1.45522
3 1.52255
4 1.75578
760000 4
1 2.82327
2 1.46484
3 1.53139
4 1.76432
761000 4
1 2.83608
2 1.46897
3 1.50529
4 1.69931
762000 4
1 2.77946
2 1.49296
3 1.53456
4 1.7069
763000 4
1 2.90906
2 1.48394
3 1.53917
4 1.65447
764000 4
1 2.89564
2 1.48852
3 1.53386
4 1.65806
765000 4
1 2.90366
2 1.44431
3 1.48282
4 1.69527
766000 4
1 2.88112
2 1.50157
3 1.51227
4 1.63783
767000 4
1 2.86808
2 1.50135
3 1.44098
4 1.71911
768000 4
1 2.8182
2 1.52749
3 1.44683
4 1.67804
769000 4
1 2.87904
2 1.51777
3 1.45557
4 1.69286
770000 4
1 2.82826
2 1.53737
3 1.47557
4 1.70016
771000 4
1 2.82875
2 1.55045
3 1.51015
4 1.68117
772000 4
1 2.87776
2 1.56099
3 1.53182
4 1.61194
773000 4
1 2.84448
2 1.54737
3 1.51616
4 1.67589
774000 4
1 2.96099
2 1.50222
3 1.46184
4 1.64589
775000 4
1 2.96447
2 1.5268
3 1.42286
4 1.59316
776000 4
1 2.97011
2 1.51106
3 1.44957
4 1.58993
777000 4
1 2.97705
2 1.5185
3 1.41656
4 1.6333
778000 4
1 3.03283
2 1.43335
3 1.41254
4 1.71053
779000 4
1 3.03959
2 1.47744
3 1.38506
4 1.64232
780000 4
1 2.98355
2 1.47066
3 1.41668
4 1.62146
781000 4
1 3.00937
2 1.50349
3 1.44812
4 1.58742
782000 4
1 2.97044
2 1.48222
3 1.463
4 1.61587
783000 4
1 2.99389
2 1.42509
3 1.45259
4 1.65733
784000 4
1 3.01478
2 1.4568
3 1.45548
4 1.5651
785000 4
1 3.03581
2 1.49383
3 1.50977
4 1.49065
786000 4
1 2.93368
2 1.48256
3 1.52492
4 1.54175
787000 4
1 2.87873
2 1.49624
3 1.48405
4 1.66656
788000 4
1 2.90207
2 1.53028
3 1.51942
4 1.67024
789000 4
1 2.83865
2 1.55855
3 1.50937
4 1.58823
790000 4
1 2.86249
2 1.58684
3 1.55105
4 1.54993
791000 4
1 2.90295
2 1.5479
3 1.58881
4 1.5413
792000 4
1 2.92242
2 1.48166
3 1.57503
4 1.56031
793000 4
1 2.93931
2 1.47699
3 1.5273
4 1.57136
794000 4
1 3.03137
2 1.43983
3 1.49031
4 1.5567
795000 4
1 2.93917
2 1.46823
3 1.56913
4 1.55958
796000 4
1 3.00449
2 1.46083
3 1.58325
4 1.50357
797000 4
1 3.04023
2 1.52899
3 1.498
4 1.45658
798000 4
1 3.0231
2 1.54953
3 1.47185
4 1.54294
799000 4
1 2.99911
2 1.55703
3 1.46012
4 1.50158
800000 4
1 2.99436
2 1.55192
3 1.47064
4 1.48489
801000 4
1 2.98166
2 1.51808
3 1.47045
4 1.52219
802000 4
1 2.99815
2 1.54927
3 1.39062
4 1.58749
803000 4
1 2.94327
2 1.52031
3 1.46372
4 1.54093
804000 4
1 2.88831
2 1.55328
3 1.50551
4 1.5102
805000 4
1 2.92455
2 1.5603
3 1.50891
4 1.57671
806000 4
1 2.95844
2 1.5553
3 1.48426
4 1.53131
807000 4
1 2.96176
2 1.45265
3 1.48066
4 1.60351
808000 4
1 3.06319
2 1.47441
3 1.38599
4 1.57265
809000 4
1 3.03634
2 1.48428
3 1.34343
4 1.644
810000 4
1 2.95073
2 1.49074
3 1.39217
4 1.69085
811000 4
1 2.89053
2 1.4857
3 1.42511
4 1.71325
812000 4
1 2.92521
2 1.5276
3 1.4098
4 1.62332
813000 4
1 3.00355
2 1.53308
3 1.37963
4 1.62606
814000 4
1 3.01327
2 1.4301
3 1.41576
4 1.68114
815000 4
1 3.09346
2 1.36261
3 1.45829
4 1.6765
816000 4
1 3.03065
2 1.41058
3 1.48527
4 1.63313
817000 4
1 3.03212
2 1.53043
3 1.42411
4 1.61219
818000 4
1 2.93007
2 1.47165
3 1.46642
4 1.64177
819000 4
1 2.97968
2 1.40211
3 1.49226
4 1.64436
820000 4
1 2.99801
2 1.36421
3 1.53389
4 1.6186
821000 4
1 3.01151
2 1.38735
3 1.52222
4 1.65086
822000 4
1 3.07144
2 1.3406
3 1.56138
4 1.61081
823000 4
1 3.06293
2 1.36741
3 1.55182
4 1.56243
824000 4
1 3.04699
2 1.36303
3 1.48879
4 1.65663
825000 4
1 2.99923
2 1.40289
3 1.46696
4 1.61884
826000 4
1 2.98825
2 1.42644
3 1.4272
4 1.71394
827000 4
1 2.99025
2 1.41431
3 1.39116
4 1.75736
828000 4
1 3.03684
2 1.33004
3 1.43594
4 1.73619
829000 4
1 3.08932
2 1.30848
3 1.36506
4 1.74316
830000 4
1 3.10691
2 1.36233
3 1.38526
4 1.72589
831000 4
1 3.00541
2 1.33848
3 1.40353
4 1.74667
832000 4
1 3.11228
2 1.35212
3 1.41269
4 1.69577
833000 4
1 2.99137
2 1.39044
3 1.4041
4 1.69569
834000 4
1 3.00262
2 1.43439
3 1.44573
4 1.64947
835000 4
1 3.0215
2 1.33908
3 1.49256
4 1.6666
836000 4
1 2.96844
2 1.34747
3 1.50639
4 1.72595
837000 4
1 2.94486
2 1.40529
3 1.48991
4 1.66281
838000 4
1 2.94686
2 1.42454
3 1.50014
4 1.68773
839000 4
1 2.98019
2 1.40659
3 1.45004
4 1.70159
840000 4
1 2.94981
2 1.36396
3 1.49639
4 1.73207
841000 4
1 2.97989
2 1.33692
3 1.49877
4 1.68253
842000 4
1 2.98926
2 1.33173
3 1.50327
4 1.68917
843000 4
1 2.95413
2 1.37025
3 1.54703
4 1.73359
844000 4
1 2.94173
2 1.36279
3 1.52064
4 1.65446
845000 4
1 2.95511
2 1.39
3 1.53429
4 1.63875
846000 4
1 2.9136
2 1.3506
3 1.59696
4 1.59878
847000 4
1 2.91845
2 1.34998
3 1.65281
4 1.61448
848000 4
1 2.93749
2 1.37642
3 1.68779
4 1.53504
849000 4
1 2.95021
2 1.34702
3 1.66845
4 1.57174
850000 4
1 2.95799
2 1.33101
3 1.66801
4 1.61413
851000 4
1 2.97873
2 1.22143
3 1.66684
4 1.6825
852000 4
1 2.93218
2 1.23832
3 1.631
4 1.67574
853000 4
1 2.96417
2 1.28069
3 1.61104
4 1.64762
854000 4
1 2.92212
2 1.34901
3 1.5983
4 1.60332
855000 4
1 2.8944
2 1.43964
3 1.66845
4 1.58097
856000 4
1 2.87089
2 1.4691
3 1.65437
4 1.58263
857000 4
1 2.91264
2 1.46024
3 1.64021
4 1.56591
858000 4
1 2.82201
2 1.50208
3 1.72215
4 1.50724
859000 4
1 2.83405
2 1.45755
3 1.70478
4 1.54802
860000 4
1 2.8477
2 1.49054
3 1.62242
4 1.53636
861000 4
1 2.94508
2 1.47541
3 1.63039
4 1.53056
862000 4
1 2.90065
2 1.4561
3 1.63223
4 1.51439
863000 4
1 2.84448
2 1.46974
3 1.62381
4 1.55536
864000 4
1 2.8248
2 1.47408
3 1.54532
4 1.64299
865000 4
1 2.84772
2 1.43912
3 1.6074
4 1.66912
866000 4
1 2.8681
2 1.4534
3 1.62338
4 1.61708
867000 4
1 2.90596
2 1.42549
3 1.62024
4 1.6136
868000 4
1 2.92022
2 1.41019
3 1.61013
4 1.61371
869000 4
1 2.96597
2 1.37925
3 1.62431
4 1.56432
870000 4
1 2.8911
2 1.3549
3 1.65011
4 1.62928
871000 4
1 2.94276
2 1.3982
3 1.60834
4 1.64912
872000 4
1 2.84592
2 1.36872
3 1.64522
4 1.68033
873000 4
1 2.86358
2 1.38707
3 1.64237
4 1.63202
874000 4
1 2.89288
2 1.41103
3 1.6436
4 1.57126
875000 4
1 2.89322
2 1.41669
3 1.60065
4 1.59263
876000 4
1 2.94095
2 1.35787
3 1.57323
4 1.69344
877000 4
1 2.96234
2 1.34427
3 1.55052
4 1.66882
878000 4
1 2.97037
2 1.30419
3 1.52728
4 1.71398
879000 4
1 2.94847
2 1.24641
3 1.55546
4 1.81667
880000 4
1 2.9842
2 1.31866
3 1.51589
4 1.78081
881000 4
1 2.97684
2 1.36739
3 1.5184
4 1.6404
882000 4
1 2.93943
2 1.41116
3 1.54154
4 1.62171
883000 4
1 2.88078
2 1.39959
3 1.57477
4 1.68241
884000 4
1 2.86815
2 1.38563
3 1.5736
4 1.69898
885000 4
1 2.84701
2 1.36706
3 1.57984
4 1.73789
886000 4
1 2.7781
2 1.44049
3 1.62791
4 1.66655
887000 4
1 2.7703
2 1.44585
3 1.64894
4 1.63058
888000 4
1 2.74314
2 1.38476
3 1.59449
4 1.73698
889000 4
1 2.86695
2 1.38068
3 1.53363
4 1.80258
890000 4
1 2.80021
2 1.38659
3 1.61493
4 1.72663
891000 4
1 2.81546
2 1.37878
3 1.67078
4 1.69076
892000 4
1 2.76565
2 1.43119
3 1.6383
4 1.68623
893000 4
1 2.77541
2 1.43037
3 1.66214
4 1.6682
894000 4
1 2.80491
2 1.44522
3 1.67215
4 1.62224
895000 4
1 2.80979
2 1.53341
3 1.60191
4 1.63377
896000 4
1 2.75477
2 1.59128
3 1.62597
4 1.56104
897000 4
1 2.71663
2 1.66687
3 1.58118
4 1.59588
898000 4
1 2.72007
2 1.68413
3 1.56034
4 1.57719
899000 4
1 2.79091
2 1.56984
3 1.5604
4 1.60348
900000 4
1 2.67852
2 1.60296
3 1.60966
4 1.61015
901000 4
1 2.70337
2 1.6428
3 1.6158
4 1.5865
902000 4
1 2.78942
2 1.64345
3 1.54019
4 1.5958
903000 4
1 2.827
2 1.51191
3 1.58802
4 1.65666
904000 4
1 2.70254
2 1.49944
3 1.6719
4 1.65086
905000 4
1 2.72778
2 1.50239
3 1.67697
4 1.63402
906000 4
1 2.74579
2 1.47593
3 1.68422
4 1.61336
907000 4
1 2.80569
2 1.49535
3 1.66142
4 1.56133
908000 4
1 2.70134
2 1.52518
3 1.71611
4 1.59391
909000 4
1 2.75748
2 1.53562
3 1.64844
4 1.56882
910000 4
1 2.78299
2 1.65794
3 1.65206
4 1.50781
911000 4
1 2.78973
2 1.62497
3 1.65472
4 1.46777
912000 4
1 2.76724
2 1.56405
3 1.69886
4 1.5638
913000 4
1 2.75294
2 1.52889
3 1.66575
4 1.61104
914000 4
1 2.7359
2 1.4718
3 1.68933
4 1.61006
915000 4
1 2.75788
2 1.49947
3 1.81313
4 1.52988
916000 4
1 2.75997
2 1.42693
3 1.75565
4 1.58748
917000 4
1 2.79345
2 1.46697
3 1.7213
4 1.55906
918000 4
1 2.80807
2 1.55008
3 1.62769
4 1.54341
919000 4
1 2.81708
2 1.60404
3 1.5655
4 1.52607
920000 4
1 2.76037
2 1.64304
3 1.62437
4 1.45956
921000 4
1 2.71601
2 1.60513
3 1.66408
4 1.49469
922000 4
1 2.71117
2 1.54722
3 1.75716
4 1.47824
923000 4
1 2.7233
2 1.54977
3 1.8212
4 1.40823
924000 4
1 2.73643
2 1.49538
3 1.88251
4 1.38358
925000 4
1 2.74994
2 1.49269
3 1.83668
4 1.41571
926000 4
1 2.74122
2 1.44071
3 1.79335
4 1.48995
927000 4
1 2.81665
2 1.53926
3 1.75842
4 1.47092
928000 4
1 2.81244
2 1.52983
3 1.81045
4 1.38394
929000 4
1 2.80507
2 1.51258
3 1.8034
4 1.401
930000 4
1 2.83007
2 1.46873
3 1.73533
4 1.45401
931000 4
1 2.80996
2 1.51231
3 1.79752
4 1.38628
932000 4
1 2.80411
2 1.53528
3 1.7332
4 1.40551
933000 4
1 2.83144
2 1.4762
3 1.75253
4 1.45767
934000 4
1 2.92043
2 1.49672
3 1.71749
4 1.45144
935000 4
1 2.88876
2 1.51413
3 1.71426
4 1.40835
936000 4
1 2.83937
2 1.57073
3 1.71426
4 1.3854
937000 4
1 2.84277
2 1.52505
3 1.72967
4 1.40808
938000 4
1 2.79275
2 1.53478
3 1.73549
4 1.43817
939000 4
1 2.77073
2 1.58323
3 1.73039
4 1.47437
940000 4
1 2.77239
2 1.5732
3 1.74615
4 1.44385
941000 4
1 2.8107
2 1.64057
3 1.63582
4 1.42818
942000 4
1 2.88521
2 1.60212
3 1.61079
4 1.42123
943000 4
1 2.891
2 1.56933
3 1.65457
4 1.47249
944000 4
1 2.85488
2 1.55219
3 1.6814
4 1.43485
945000 4
1 2.81771
2 1.55896
3 1.69772
4 1.44092
946000 4
1 2.75575
2 1.60059
3 1.69008
4 1.44865
947000 4
1 2.7166
2 1.64915
3 1.63671
4 1.5495
948000 4
1 2.74542
2 1.63709
3 1.60824
4 1.52679
949000 4
1 2.81018
2 1.62476
3 1.58682
4 1.4842
950000 4
1 2.83444
2 1.72579
3 1.56499
4 1.46098
951000 4
1 2.80774
2 1.70917
3 1.56174
4 1.42417
952000 4
1 2.80421
2 1.66694
3 1.59161
4 1.46776
953000 4
1 2.78551
2 1.66872
3 1.5788
4 1.52468
954000 4
1 2.78197
2 1.63401
3 1.60961
4 1.48916
955000 4
1 2.81211
2 1.5946
3 1.6042
4 1.5451
956000 4
1 2.80757
2 1.58605
3 1.64198
4 1.456
957000 4
1 2.84129
2 1.63626
3 1.63918
4 1.44418
958000 4
1 2.86609
2 1.63832
3 1.61738
4 1.41114
959000 4
1 2.81745
2 1.60317
3 1.64565
4 1.44285
960000 4
1 2.8917
2 1.59232
3 1.61593
4 1.43196
961000 4
1 2.83227
2 1.61742
3 1.57885
4 1.47981
962000 4
1 2.81053
2 1.63664
3 1.65534
4 1.46936
963000 4
1 2.88703
2 1.60606
3 1.60024
4 1.44286
964000 4
1 2.85044
2 1.626
3 1.59574
4 1.42441
965000 4
1 2.8419
2 1.68404
3 1.61292
4 1.4241
966000 4
1 2.75678
2 1.59418
3 1.68845
4 1.50397
967000 4
1 2.74398
2 1.62092
3 1.67377
4 1.49433
968000 4
1 2.73849
2 1.66045
3 1.65721
4 1.48918
969000 4
1 2.75567
2 1.6815
3 1.67171
4 1.43812
970000 4
1 2.76984
2 1.64036
3 1.70287
4 1.41955
971000 4
1 2.80504
2 1.66621
3 1.6699
4 1.43806
972000 4
1 2.69589
2 1.63914
3 1.67956
4 1.51342
973000 4
1 2.68193
2 1.64722
3 1.64228
4 1.54809
974000 4
1 2.63862
2 1.65191
3 1.58294
4 1.6239
975000 4
1 2.7016
2 1.65532
3 1.56634
4 1.65325
976000 4
1 2.67866
2 1.68619
3 1.63052
4 1.58437
977000 4
1 2.63411
2 1.61263
3 1.68138
4 1.55519
978000 4
1 2.68882
2 1.59585
3 1.7004
4 1.54279
979000 4
1 2.72934
2 1.58287
3 1.70951
4 1.54625
980000 4
1 2.69754
2 1.64466
3 1.66117
4 1.54911
981000 4
1 2.66209
2 1.65577
3 1.68086
4 1.51757
982000 4
1 2.69156
2 1.693
3 1.64142
4 1.48302
983000 4
1 2.70058
2 1.72577
3 1.57625
4 1.52402
984000 4
1 2.637
2 1.75248
3 1.55263
4 1.57502
985000 4
1 2.59775
2 1.64153
3 1.60501
4 1.66869
986000 4
1 2.70712
2 1.60229
3 1.59214
4 1.61264
987000 4
1 2.75797
2 1.59758
3 1.6012
4 1.56844
988000 4
1 2.75772
2 1.603
3 1.60837
4 1.55017
989000 4
1 2.7503
2 1.59778
3 1.62463
4 1.54731
990000 4
1 2.66339
2 1.63222
3 1.58634
4 1.63733
991000 4
1 2.6451
2 1.62063
3 1.52858
4 1.72109
992000 4
1 2.6746
2 1.65195
3 1.5057
4 1.67785
993000 4
1 2.67576
2 1.66967
3 1.49219
4 1.67215
994000 4
1 2.64428
2 1.72347
3 1.50093
4 1.66529
995000 4
1 2.62773
2 1.68629
3 1.52798
4 1.68878
996000 4
1 2.60486
2 1.68309
3 1.5925
4 1.65695
997000 4
1 2.65838
2 1.72866
3 1.5821
4 1.62159
998000 4
1 2.67491
2 1.69695
3 1.53103
4 1.62005
999000 4
1 2.68865
2 1.74102
3 1.5053
4 1.63168
1000000 4
1 2.68238
2 1.7032
3 1.51508
4 1.61632
