# Time-averaged data for fix kemolSink
# TimeStep Number-of-rows
# Row c_keSink2
1000 4
1 2.21673
2 1.65257
3 1.86818
4 2.22643
2000 4
1 2.17782
2 1.86014
3 1.9613
4 1.93198
3000 4
1 2.07751
2 2.03795
3 1.94925
4 2.0219
4000 4
1 2.03022
2 2.28272
3 1.86763
4 1.81929
5000 4
1 2.21357
2 2.10275
3 2.04044
4 1.71935
6000 4
1 2.26342
2 1.99885
3 1.88916
4 1.96178
7000 4
1 2.34897
2 1.77838
3 1.66912
4 2.20369
8000 4
1 2.17223
2 1.83443
3 1.77022
4 2.29323
9000 4
1 2.37719
2 1.73895
3 1.90919
4 2.21866
10000 4
1 2.31781
2 1.58759
3 2.02993
4 2.27319
11000 4
1 2.59271
2 1.61119
3 1.88327
4 2.27217
12000 4
1 2.29349
2 1.95267
3 1.74533
4 2.26287
13000 4
1 2.36929
2 1.82514
3 1.81817
4 2.20379
14000 4
1 2.36029
2 1.47999
3 2.24954
4 2.07001
15000 4
1 2.33651
2 1.56134
3 1.98229
4 2.4235
16000 4
1 2.52861
2 1.6847
3 1.94378
4 2.20018
17000 4
1 2.53755
2 1.5748
3 1.78734
4 2.41107
18000 4
1 2.36851
2 1.81565
3 1.8674
4 2.34027
19000 4
1 2.38414
2 1.81136
3 1.71756
4 2.39886
20000 4
1 2.26768
2 1.97464
3 1.73189
4 2.34418
21000 4
1 2.1041
2 2.1638
3 1.63653
4 2.48351
22000 4
1 2.08679
2 2.05867
3 1.73317
4 2.46504
23000 4
1 2.14242
2 2.03108
3 1.66986
4 2.28405
24000 4
1 2.03125
2 2.16064
3 1.85214
4 2.31692
25000 4
1 1.93824
2 2.18394
3 1.71519
4 2.3843
26000 4
1 1.81198
2 2.38607
3 1.75932
4 2.29208
27000 4
1 2.01879
2 2.13114
3 1.56804
4 2.46665
28000 4
1 1.96356
2 2.35761
3 1.58873
4 2.23534
29000 4
1 1.86875
2 2.4835
3 1.56341
4 2.23265
30000 4
1 1.98719
2 2.60072
3 1.63553
4 2.10958
31000 4
1 1.86307
2 2.60099
3 1.82065
4 2.20744
32000 4
1 1.82342
2 2.74561
3 1.61272
4 1.99688
33000 4
1 1.91785
2 2.80335
3 1.54064
4 2.09483
34000 4
1 1.93497
2 2.44151
3 1.75978
4 2.08325
35000 4
1 2.16232
2 2.44028
3 1.65354
4 2.09767
36000 4
1 2.00386
2 2.20831
3 1.97372
4 2.01429
37000 4
1 1.9717
2 2.05742
3 2.10059
4 2.00522
38000 4
1 1.95682
2 2.06786
3 2.01933
4 2.00868
39000 4
1 1.82496
2 2.29307
3 1.85378
4 2.05688
40000 4
1 1.76301
2 2.15295
3 2.16347
4 1.96422
41000 4
1 1.99498
2 2.14885
3 1.92365
4 1.9952
42000 4
1 2.31801
2 2.01311
3 1.7488
4 1.89878
43000 4
1 2.09313
2 2.04166
3 1.70185
4 2.19715
44000 4
1 2.24831
2 2.22113
3 1.73428
4 2.02534
45000 4
1 2.18455
2 2.26941
3 1.85504
4 1.86609
46000 4
1 2.29364
2 2.18071
3 1.83601
4 1.77784
47000 4
1 2.20705
2 2.26176
3 1.72744
4 1.97475
48000 4
1 2.16632
2 2.33528
3 1.90496
4 1.81117
49000 4
1 2.21039
2 2.53061
3 1.73019
4 1.70792
50000 4
1 2.18252
2 2.23484
3 1.80052
4 2.09031
51000 4
1 2.08281
2 2.31601
3 1.67661
4 2.01762
52000 4
1 2.25305
2 1.95451
3 2.08363
4 1.7058
53000 4
1 2.31865
2 1.81604
3 1.67063
4 2.17049
54000 4
1 2.29145
2 1.89316
3 1.92735
4 2.13567
55000 4
1 2.23279
2 1.85381
3 1.96016
4 2.10367
56000 4
1 2.30553
2 1.95238
3 2.00598
4 1.92914
57000 4
1 2.36989
2 1.78018
3 1.88176
4 1.99096
58000 4
1 2.1386
2 1.854
3 2.06243
4 1.9727
59000 4
1 2.29637
2 2.01362
3 1.79277
4 1.93382
60000 4
1 2.63778
2 1.86179
3 1.81868
4 1.7248
61000 4
1 2.25218
2 2.00911
3 1.81269
4 1.9506
62000 4
1 2.25776
2 1.74101
3 1.95857
4 2.0896
63000 4
1 2.20704
2 1.89094
3 1.87801
4 1.98547
64000 4
1 2.29554
2 1.71316
3 1.86233
4 2.21775
65000 4
1 2.32296
2 1.77126
3 2.03618
4 1.74996
66000 4
1 2.4197
2 1.96377
3 1.86131
4 1.86797
67000 4
1 2.52563
2 1.95604
3 1.75611
4 1.77465
68000 4
1 2.50558
2 2.0159
3 1.66406
4 1.95846
69000 4
1 2.40861
2 2.19
3 1.69149
4 1.86687
70000 4
1 2.84599
2 2.03938
3 1.72143
4 1.64952
71000 4
1 2.61161
2 1.98176
3 1.6118
4 1.741
72000 4
1 2.29356
2 2.22324
3 1.74697
4 1.70779
73000 4
1 2.35157
2 1.9482
3 1.76088
4 1.79433
74000 4
1 2.15984
2 2.02714
3 1.85532
4 1.92876
75000 4
1 2.26658
2 1.95932
3 1.78983
4 1.86965
76000 4
1 2.02951
2 2.03718
3 2.20508
4 1.65984
77000 4
1 2.00088
2 2.03787
3 1.98495
4 1.73432
78000 4
1 2.07867
2 2.22691
3 1.8584
4 1.75028
79000 4
1 2.02385
2 1.92723
3 2.18565
4 1.67867
80000 4
1 1.93588
2 2.39157
3 1.87992
4 1.63682
81000 4
1 1.91416
2 2.42606
3 1.97928
4 1.62797
82000 4
1 1.83615
2 2.44203
3 1.98088
4 1.76205
83000 4
1 1.75971
2 2.69342
3 1.92246
4 1.84635
84000 4
1 1.83325
2 2.78103
3 1.87461
4 1.6897
85000 4
1 1.88789
2 2.6992
3 1.74983
4 1.91617
86000 4
1 2.13486
2 2.64331
3 1.69662
4 1.85761
87000 4
1 1.9548
2 2.60119
3 1.79797
4 1.76756
88000 4
1 1.97563
2 2.59344
3 1.81597
4 1.83351
89000 4
1 1.79133
2 2.49385
3 2.00716
4 1.80592
90000 4
1 2.0405
2 2.42334
3 1.86473
4 1.79464
91000 4
1 1.97009
2 2.33671
3 1.98609
4 1.87324
92000 4
1 2.22068
2 1.91667
3 2.02362
4 1.94203
93000 4
1 2.31198
2 1.80208
3 1.99425
4 1.85861
94000 4
1 2.43815
2 1.78461
3 1.76994
4 2.01579
95000 4
1 2.31565
2 1.92955
3 1.86565
4 1.96086
96000 4
1 2.08092
2 2.07994
3 1.97747
4 2.01937
97000 4
1 2.1589
2 2.0915
3 1.90088
4 2.16232
98000 4
1 2.01266
2 2.09956
3 1.99487
4 2.06872
99000 4
1 2.33825
2 2.14209
3 1.7997
4 2.01697
100000 4
1 2.17855
2 2.08396
3 1.86457
4 1.97924
101000 4
1 2.32999
2 2.27581
3 1.66323
4 1.98272
102000 4
1 1.99661
2 2.24077
3 1.80379
4 2.23596
103000 4
1 2.35622
2 2.10425
3 1.70462
4 1.93258
104000 4
1 1.99797
2 2.29443
3 1.82602
4 2.0343
105000 4
1 2.34914
2 1.99147
3 1.93259
4 1.81243
106000 4
1 2.27608
2 1.96978
3 1.85855
4 1.9333
107000 4
1 2.48878
2 1.89473
3 1.78196
4 2.06983
108000 4
1 2.67009
2 1.74196
3 1.85272
4 1.95767
109000 4
1 2.42687
2 1.85346
3 1.924
4 2.13127
110000 4
1 2.43252
2 1.84549
3 1.80839
4 2.11029
111000 4
1 2.23165
2 1.77947
3 1.97631
4 2.22149
112000 4
1 2.0641
2 1.89365
3 2.00189
4 2.15021
113000 4
1 2.06477
2 1.86081
3 2.21873
4 2.11363
114000 4
1 1.96754
2 1.99862
3 2.09467
4 2.13669
115000 4
1 1.96977
2 1.96517
3 1.98216
4 2.27748
116000 4
1 2.05299
2 1.97988
3 1.88622
4 2.22241
117000 4
1 2.22849
2 1.94016
3 1.66164
4 2.31511
118000 4
1 2.22752
2 1.865
3 1.92498
4 2.14692
119000 4
1 1.99049
2 2.01774
3 1.94117
4 2.21932
120000 4
1 2.02173
2 2.15625
3 1.7064
4 2.28304
121000 4
1 1.86225
2 2.10993
3 1.83404
4 2.30836
122000 4
1 1.89807
2 2.36413
3 1.58891
4 2.19809
123000 4
1 1.8677
2 2.00251
3 1.7207
4 2.38107
124000 4
1 2.12694
2 2.02787
3 1.59718
4 2.34373
125000 4
1 2.00464
2 2.19129
3 1.8599
4 2.1493
126000 4
1 2.14053
2 1.90434
3 1.93677
4 2.20025
127000 4
1 1.99078
2 1.98942
3 1.83094
4 2.09358
128000 4
1 2.09962
2 2.19195
3 1.68074
4 2.10571
129000 4
1 2.0965
2 1.9309
3 1.70125
4 2.25391
130000 4
1 1.97688
2 2.24256
3 1.75438
4 1.98521
131000 4
1 2.38858
2 1.98655
3 1.60113
4 2.01868
132000 4
1 2.10546
2 1.92653
3 1.74584
4 2.04298
133000 4
1 2.17173
2 2.12801
3 1.68902
4 1.99279
134000 4
1 2.22655
2 2.10069
3 1.65594
4 1.95501
135000 4
1 2.19457
2 2.10221
3 1.81072
4 1.8507
136000 4
1 2.34696
2 2.07537
3 1.88932
4 1.6821
137000 4
1 2.58628
2 1.8778
3 2.03138
4 1.526
138000 4
1 2.49315
2 1.71744
3 2.05808
4 1.48578
139000 4
1 2.43846
2 2.11373
3 1.94067
4 1.43482
140000 4
1 2.43657
2 1.99586
3 1.67028
4 1.85921
141000 4
1 2.36643
2 2.14716
3 1.76672
4 1.65928
142000 4
1 2.32132
2 2.01941
3 1.90434
4 1.85137
143000 4
1 2.37051
2 1.95499
3 1.98557
4 1.72019
144000 4
1 2.38779
2 2.06838
3 1.8609
4 1.76322
145000 4
1 2.26751
2 2.14185
3 1.86366
4 1.75869
146000 4
1 2.42638
2 2.01631
3 1.87993
4 1.76599
147000 4
1 2.57129
2 1.8984
3 1.84708
4 1.79782
148000 4
1 2.22129
2 2.12709
3 1.79626
4 1.75701
149000 4
1 2.17848
2 2.20697
3 1.7846
4 1.88276
150000 4
1 2.10766
2 2.05073
3 1.67485
4 2.08477
151000 4
1 2.10814
2 2.16974
3 1.60227
4 2.04324
152000 4
1 2.21688
2 2.02097
3 1.57361
4 2.04665
153000 4
1 2.15099
2 2.22604
3 1.70556
4 1.91142
154000 4
1 1.89574
2 2.31862
3 1.72927
4 1.96455
155000 4
1 1.82893
2 2.26881
3 1.8056
4 2.13598
156000 4
1 1.82044
2 2.03183
3 1.83984
4 2.28424
157000 4
1 2.03846
2 2.01538
3 1.93977
4 1.87121
158000 4
1 1.73734
2 2.24316
3 1.9129
4 1.95502
159000 4
1 1.88124
2 2.02515
3 2.1261
4 1.97275
160000 4
1 1.88107
2 1.99949
3 1.85893
4 2.212
161000 4
1 1.98898
2 2.02874
3 1.80329
4 2.23828
162000 4
1 2.02619
2 1.88524
3 1.68154
4 2.13424
163000 4
1 1.95053
2 2.27893
3 1.62039
4 1.97952
164000 4
1 1.95303
2 2.02125
3 1.65667
4 2.28288
165000 4
1 1.8187
2 2.31286
3 1.80425
4 1.92683
166000 4
1 1.80156
2 2.0879
3 1.78126
4 2.16178
167000 4
1 1.96278
2 2.14517
3 2.04806
4 1.78895
168000 4
1 1.7159
2 2.26267
3 1.70728
4 2.1327
169000 4
1 1.85395
2 2.10444
3 2.00865
4 1.86789
170000 4
1 1.79232
2 2.32846
3 1.56086
4 2.21067
171000 4
1 2.20206
2 2.04665
3 1.59838
4 2.03977
172000 4
1 1.93531
2 2.25881
3 1.83733
4 1.86118
173000 4
1 1.89576
2 2.21805
3 1.67489
4 2.04703
174000 4
1 2.0159
2 2.22486
3 1.67447
4 1.94787
175000 4
1 1.98928
2 2.24046
3 1.66302
4 1.91763
176000 4
1 1.94142
2 2.25002
3 1.68773
4 1.97493
177000 4
1 2.01935
2 2.34772
3 1.61308
4 2.02135
178000 4
1 1.94188
2 2.38694
3 1.73584
4 1.88746
179000 4
1 2.22271
2 2.28914
3 1.63693
4 1.89328
180000 4
1 1.94552
2 2.48658
3 1.81447
4 1.86246
181000 4
1 1.92904
2 2.46979
3 1.73551
4 1.90627
182000 4
1 2.06573
2 2.37632
3 1.65182
4 1.91138
183000 4
1 2.02002
2 2.28193
3 1.65504
4 1.91915
184000 4
1 1.92594
2 2.53766
3 1.57404
4 1.97783
185000 4
1 2.01706
2 2.59159
3 1.55488
4 1.91515
186000 4
1 1.99349
2 2.48277
3 1.68227
4 1.88698
187000 4
1 1.9581
2 2.66779
3 1.64196
4 1.85562
188000 4
1 1.96482
2 2.41478
3 1.76173
4 1.94346
189000 4
1 2.00921
2 2.42534
3 1.70662
4 1.84358
190000 4
1 1.95764
2 2.41754
3 1.6403
4 1.93918
191000 4
1 2.0127
2 2.40649
3 1.64049
4 1.96034
192000 4
1 2.05385
2 2.47086
3 1.6602
4 1.81231
193000 4
1 2.04398
2 2.24164
3 1.64238
4 2.00102
194000 4
1 1.96363
2 2.32454
3 1.89098
4 1.83408
195000 4
1 2.12275
2 2.10241
3 1.75987
4 1.92048
196000 4
1 2.06069
2 2.1686
3 1.8594
4 1.76878
197000 4
1 1.91842
2 2.2512
3 1.81169
4 1.96011
198000 4
1 1.95127
2 2.31505
3 1.76446
4 1.80162
199000 4
1 1.72328
2 2.09964
3 2.03372
4 2.00993
200000 4
1 1.8924
2 2.05915
3 2.15719
4 1.77665
201000 4
1 1.78496
2 2.13947
3 2.41618
4 1.72424
202000 4
1 2.00561
2 2.10541
3 2.17099
4 1.73705
203000 4
1 1.82005
2 2.19059
3 2.05024
4 1.90637
204000 4
1 1.86484
2 2.15743
3 2.07076
4 1.78966
205000 4
1 2.02293
2 2.16127
3 1.95914
4 1.83795
206000 4
1 1.91881
2 2.1955
3 2.00379
4 1.75305
207000 4
1 2.03098
2 2.10383
3 1.78175
4 1.88941
208000 4
1 1.89747
2 2.0966
3 2.00693
4 1.93953
209000 4
1 1.91937
2 2.20869
3 2.0474
4 1.81421
210000 4
1 1.96175
2 2.05922
3 2.1373
4 1.8622
211000 4
1 1.95107
2 2.24396
3 2.10858
4 1.69011
212000 4
1 1.9597
2 2.14824
3 2.12353
4 1.84481
213000 4
1 1.86952
2 2.23217
3 2.13127
4 1.81764
214000 4
1 1.96468
2 2.29384
3 2.08889
4 1.78895
215000 4
1 1.90095
2 2.09483
3 2.08318
4 1.89548
216000 4
1 2.15492
2 1.99863
3 1.8281
4 2.01586
217000 4
1 2.12349
2 1.86917
3 2.03826
4 2.0086
218000 4
1 2.17115
2 2.05852
3 1.90896
4 1.85621
219000 4
1 2.45001
2 1.83756
3 2.09574
4 1.69004
220000 4
1 2.10803
2 2.23454
3 2.06112
4 1.68952
221000 4
1 2.16586
2 1.92692
3 2.12638
4 1.81252
222000 4
1 2.06515
2 2.12866
3 1.98198
4 1.77284
223000 4
1 1.99055
2 1.9024
3 2.27552
4 1.84657
224000 4
1 2.04499
2 2.1037
3 2.19487
4 1.78385
225000 4
1 2.09238
2 2.07162
3 2.22814
4 1.73883
226000 4
1 2.19236
2 1.9111
3 2.20518
4 1.80582
227000 4
1 2.19037
2 1.93875
3 2.07443
4 1.80406
228000 4
1 2.11755
2 1.90472
3 2.23278
4 1.72815
229000 4
1 2.22029
2 2.00579
3 2.01337
4 1.76865
230000 4
1 2.08537
2 1.95634
3 2.16869
4 1.77657
231000 4
1 2.33156
2 1.99279
3 1.95331
4 1.65903
232000 4
1 2.20295
2 2.04066
3 1.96168
4 1.86015
233000 4
1 2.31356
2 2.02111
3 1.89142
4 1.76692
234000 4
1 2.34517
2 1.87426
3 2.00092
4 1.85546
235000 4
1 2.27715
2 1.9675
3 2.02593
4 1.80129
236000 4
1 2.11098
2 2.07489
3 2.09717
4 1.75872
237000 4
1 2.18109
2 2.15913
3 2.05923
4 1.68258
238000 4
1 2.13216
2 2.10361
3 2.1138
4 1.71137
239000 4
1 2.16318
2 2.02444
3 2.1319
4 1.7762
240000 4
1 2.21652
2 1.99484
3 2.09552
4 1.80865
241000 4
1 2.27375
2 1.89804
3 2.01905
4 1.87501
242000 4
1 2.30347
2 1.92401
3 1.93652
4 1.93584
243000 4
1 2.22565
2 1.87736
3 1.86144
4 2.01237
244000 4
1 2.3109
2 1.87428
3 1.93151
4 1.97474
245000 4
1 2.29056
2 1.87341
3 1.90273
4 1.93068
246000 4
1 2.3513
2 1.87473
3 1.79476
4 1.77806
247000 4
1 2.29466
2 1.89163
3 1.86771
4 1.93795
248000 4
1 2.35261
2 1.91989
3 1.92861
4 1.7504
249000 4
1 2.4173
2 2.00795
3 1.88464
4 1.69979
250000 4
1 2.54106
2 2.03974
3 1.84639
4 1.57883
251000 4
1 2.609
2 1.84939
3 2.00333
4 1.54089
252000 4
1 2.75845
2 1.76006
3 1.84698
4 1.71911
253000 4
1 2.38635
2 1.99429
3 1.98449
4 1.51861
254000 4
1 2.3774
2 1.83822
3 2.04561
4 1.70548
255000 4
1 2.30148
2 1.83417
3 1.98011
4 1.68271
256000 4
1 2.29746
2 1.81383
3 2.27892
4 1.56216
257000 4
1 2.25316
2 1.78672
3 1.99678
4 1.80947
258000 4
1 2.18889
2 1.76137
3 2.24808
4 1.64442
259000 4
1 2.11344
2 1.66043
3 2.02172
4 1.88187
260000 4
1 1.9531
2 1.83643
3 2.05561
4 1.89673
261000 4
1 1.86438
2 1.94664
3 2.00742
4 2.00597
262000 4
1 1.95525
2 1.93272
3 1.96459
4 2.00115
263000 4
1 1.9184
2 1.98745
3 2.00309
4 2.0552
264000 4
1 1.91049
2 2.05214
3 1.86417
4 1.95819
265000 4
1 2.02347
2 2.23205
3 1.87612
4 1.84189
266000 4
1 1.86224
2 2.02831
3 2.04661
4 1.88421
267000 4
1 1.74046
2 2.10999
3 2.14708
4 1.81248
268000 4
1 1.80163
2 1.88619
3 2.12789
4 1.98445
269000 4
1 1.89174
2 2.06486
3 2.02517
4 1.91741
270000 4
1 1.87738
2 2.13196
3 1.79379
4 1.88022
271000 4
1 2.08993
2 1.9011
3 1.7915
4 2.0136
272000 4
1 2.01959
2 2.15199
3 1.79175
4 1.83861
273000 4
1 2.16529
2 1.94848
3 1.74234
4 1.98738
274000 4
1 2.01666
2 2.03345
3 2.04547
4 1.79583
275000 4
1 2.03539
2 1.99047
3 1.82519
4 2.04007
276000 4
1 2.0275
2 2.12548
3 1.94139
4 1.71682
277000 4
1 2.08179
2 1.9226
3 2.03237
4 1.92451
278000 4
1 2.25669
2 1.95949
3 1.98952
4 1.69529
279000 4
1 2.25327
2 2.02342
3 1.99421
4 1.69144
280000 4
1 2.1697
2 1.98484
3 1.86656
4 1.8484
281000 4
1 2.12297
2 1.96728
3 1.9544
4 1.7866
282000 4
1 1.95927
2 1.96576
3 2.00423
4 1.88416
283000 4
1 1.93812
2 2.16868
3 1.82216
4 2.00374
284000 4
1 1.80605
2 2.14824
3 1.92786
4 1.94663
285000 4
1 1.78463
2 2.02754
3 2.14081
4 1.93721
286000 4
1 1.89838
2 1.84927
3 2.02268
4 2.0582
287000 4
1 1.7289
2 2.04862
3 2.03407
4 2.07037
288000 4
1 1.90035
2 1.96494
3 1.91385
4 2.12746
289000 4
1 1.84035
2 2.10208
3 1.83034
4 2.05136
290000 4
1 1.89938
2 1.92184
3 1.87685
4 2.12798
291000 4
1 1.63894
2 2.21412
3 2.12709
4 1.84228
292000 4
1 1.82858
2 2.01911
3 2.09725
4 1.80763
293000 4
1 1.91046
2 2.07727
3 1.95967
4 1.89345
294000 4
1 1.80741
2 2.05327
3 2.06912
4 1.81593
295000 4
1 1.9566
2 1.98326
3 1.90225
4 1.83943
296000 4
1 1.85814
2 1.98964
3 2.10408
4 1.73113
297000 4
1 1.79827
2 2.06012
3 2.13963
4 1.67781
298000 4
1 1.87465
2 2.09015
3 2.08085
4 1.80418
299000 4
1 1.94183
2 2.00612
3 2.02996
4 1.66242
300000 4
1 1.97733
2 1.96458
3 2.05123
4 1.82807
301000 4
1 2.13268
2 1.97743
3 1.98354
4 1.70654
302000 4
1 2.20021
2 2.0582
3 1.95267
4 1.69482
303000 4
1 2.19258
2 2.04025
3 1.84999
4 1.81664
304000 4
1 2.34266
2 2.10728
3 1.82454
4 1.67109
305000 4
1 2.3393
2 2.09328
3 1.94047
4 1.64403
306000 4
1 2.4277
2 1.94817
3 1.85643
4 1.7049
307000 4
1 2.53267
2 1.94882
3 1.80992
4 1.67145
308000 4
1 2.45304
2 2.0717
3 1.85374
4 1.6413
309000 4
1 2.45835
2 2.08548
3 1.85881
4 1.66207
310000 4
1 2.30742
2 2.12271
3 1.80719
4 1.68599
311000 4
1 2.29722
2 2.07858
3 1.75399
4 1.7581
312000 4
1 2.20592
2 2.11985
3 1.70036
4 1.86644
313000 4
1 2.44747
2 2.0981
3 1.7607
4 1.82162
314000 4
1 2.5275
2 2.04185
3 1.72904
4 1.7356
315000 4
1 2.43163
2 2.14169
3 1.73405
4 1.69093
316000 4
1 2.54545
2 2.04653
3 1.69725
4 1.70885
317000 4
1 2.47882
2 2.08251
3 1.77718
4 1.71339
318000 4
1 2.47523
2 1.97126
3 1.79052
4 1.68337
319000 4
1 2.40544
2 2.04361
3 1.86811
4 1.60373
320000 4
1 2.31915
2 2.17693
3 1.94541
4 1.57321
321000 4
1 2.25844
2 2.24945
3 1.90287
4 1.62192
322000 4
1 2.13828
2 2.18801
3 1.94127
4 1.62804
323000 4
1 2.25006
2 2.27902
3 1.896
4 1.59155
324000 4
1 2.13458
2 2.08823
3 2.02939
4 1.64386
325000 4
1 2.09414
2 2.30732
3 1.87245
4 1.72901
326000 4
1 2.1392
2 2.22701
3 2.04289
4 1.61288
327000 4
1 2.15999
2 2.21685
3 1.97466
4 1.71023
328000 4
1 2.06606
2 2.19533
3 2.05153
4 1.65227
329000 4
1 2.02602
2 2.22833
3 1.94004
4 1.77157
330000 4
1 2.06838
2 2.19275
3 1.94174
4 1.82408
331000 4
1 1.96683
2 2.19258
3 1.85346
4 1.86073
332000 4
1 1.92215
2 2.17649
3 2.02001
4 1.83548
333000 4
1 1.9299
2 2.18181
3 1.96383
4 1.78975
334000 4
1 1.86325
2 2.06414
3 1.91158
4 2.08544
335000 4
1 1.89889
2 2.12487
3 1.90023
4 1.93768
336000 4
1 1.94026
2 2.05154
3 1.96871
4 1.97148
337000 4
1 1.8628
2 2.1444
3 1.98536
4 1.96189
338000 4
1 1.94068
2 2.04886
3 1.86388
4 2.02835
339000 4
1 2.04411
2 2.08519
3 1.89597
4 1.90801
340000 4
1 2.04041
2 2.10716
3 1.81717
4 1.94604
341000 4
1 1.98404
2 2.15186
3 1.80482
4 1.97496
342000 4
1 2.00153
2 2.05024
3 1.86312
4 1.94819
343000 4
1 2.14468
2 1.95376
3 1.85389
4 1.95351
344000 4
1 2.20514
2 1.97202
3 1.80683
4 1.98632
345000 4
1 2.18299
2 1.95166
3 1.83175
4 1.96432
346000 4
1 2.49142
2 1.82316
3 1.74783
4 1.92349
347000 4
1 2.34946
2 1.91977
3 1.80915
4 1.93338
348000 4
1 2.30233
2 2.07347
3 1.91281
4 1.78002
349000 4
1 2.2088
2 1.96851
3 1.93351
4 1.91806
350000 4
1 2.19523
2 2.05896
3 1.89178
4 1.86526
351000 4
1 2.22739
2 1.91695
3 1.84519
4 1.95633
352000 4
1 2.22751
2 1.9477
3 1.91491
4 1.96007
353000 4
1 2.21519
2 2.07614
3 1.80152
4 1.95097
354000 4
1 2.21804
2 1.91404
3 1.79223
4 1.95601
355000 4
1 2.20079
2 2.05458
3 1.68448
4 2.02502
356000 4
1 2.19546
2 2.15306
3 1.64069
4 1.95684
357000 4
1 2.19795
2 2.1078
3 1.79685
4 1.77541
358000 4
1 2.18696
2 2.10509
3 1.78121
4 1.84832
359000 4
1 2.23435
2 1.9909
3 1.85246
4 1.82855
360000 4
1 2.05881
2 1.87785
3 1.95825
4 1.9551
361000 4
1 2.06336
2 1.83157
3 2.11196
4 1.87137
362000 4
1 2.14013
2 1.71493
3 2.1105
4 1.92164
363000 4
1 2.09131
2 1.74858
3 2.09957
4 1.90782
364000 4
1 2.10797
2 1.84665
3 2.10958
4 1.82212
365000 4
1 2.07292
2 1.77478
3 2.22057
4 1.87444
366000 4
1 2.00008
2 1.82088
3 2.18442
4 1.91212
367000 4
1 2.19702
2 1.70386
3 2.22458
4 1.8478
368000 4
1 2.05209
2 1.75874
3 2.26803
4 1.80011
369000 4
1 2.0853
2 1.65736
3 2.50961
4 1.70529
370000 4
1 2.0237
2 1.74839
3 2.41995
4 1.73985
371000 4
1 2.03617
2 1.75836
3 2.29297
4 1.81805
372000 4
1 2.13204
2 1.69542
3 2.09978
4 2.00602
373000 4
1 2.0663
2 1.72714
3 2.1535
4 1.96953
374000 4
1 2.0147
2 1.69961
3 2.1843
4 2.06134
375000 4
1 2.03999
2 1.79406
3 2.21815
4 1.89737
376000 4
1 2.04736
2 1.6924
3 2.30652
4 1.94913
377000 4
1 2.06023
2 1.68006
3 2.35265
4 1.9189
378000 4
1 2.08016
2 1.57588
3 2.28138
4 1.92843
379000 4
1 2.09966
2 1.63594
3 2.40418
4 1.92522
380000 4
1 1.96493
2 1.73426
3 2.38604
4 1.88631
381000 4
1 2.10385
2 1.78364
3 2.40515
4 1.74223
382000 4
1 2.023
2 1.74853
3 2.53021
4 1.76424
383000 4
1 2.07248
2 1.76061
3 2.43622
4 1.70678
384000 4
1 2.04775
2 1.63995
3 2.36948
4 1.85881
385000 4
1 2.2322
2 1.61357
3 2.44149
4 1.78694
386000 4
1 2.155
2 1.65681
3 2.29956
4 1.89044
387000 4
1 2.26479
2 1.55444
3 2.19716
4 2.00143
388000 4
1 2.17604
2 1.59071
3 2.17668
4 2.08592
389000 4
1 2.08577
2 1.7313
3 2.07799
4 2.10378
390000 4
1 2.1607
2 1.7037
3 2.04196
4 2.00917
391000 4
1 2.18348
2 1.78988
3 2.07739
4 1.96401
392000 4
1 2.29144
2 1.78206
3 1.93133
4 1.95902
393000 4
1 2.24391
2 1.61036
3 2.01277
4 2.11996
394000 4
1 2.1948
2 1.5859
3 2.10732
4 2.06567
395000 4
1 2.26854
2 1.53155
3 2.18384
4 2.01944
396000 4
1 2.36412
2 1.75627
3 2.01485
4 1.83363
397000 4
1 2.35293
2 1.75737
3 2.08117
4 1.80443
398000 4
1 2.47676
2 1.68153
3 2.13874
4 1.61647
399000 4
1 2.47869
2 1.64504
3 2.06736
4 1.81148
400000 4
1 2.44713
2 1.58925
3 2.07627
4 1.94311
401000 4
1 2.3241
2 1.61782
3 2.08366
4 1.96119
402000 4
1 2.39863
2 1.66938
3 1.94836
4 1.97161
403000 4
1 2.23672
2 1.79818
3 1.90015
4 2.04504
404000 4
1 2.30305
2 1.65017
3 1.89891
4 2.09822
405000 4
1 2.11003
2 1.82841
3 1.90027
4 2.08962
406000 4
1 2.11846
2 1.77395
3 1.88199
4 2.16703
407000 4
1 2.03635
2 1.94456
3 1.87652
4 2.08781
408000 4
1 1.8095
2 2.04274
3 2.09056
4 1.96413
409000 4
1 1.91856
2 2.04903
3 2.01637
4 1.9554
410000 4
1 2.14817
2 2.05818
3 1.92543
4 1.93185
411000 4
1 2.10924
2 2.23034
3 1.80257
4 1.93998
412000 4
1 2.13635
2 2.26856
3 1.78519
4 1.80214
413000 4
1 2.14086
2 2.25956
3 1.79146
4 1.75993
414000 4
1 2.0841
2 2.18109
3 1.84684
4 1.77637
415000 4
1 2.25286
2 2.08076
3 1.86008
4 1.77923
416000 4
1 2.1544
2 2.18446
3 1.83613
4 1.72992
417000 4
1 2.08628
2 2.0858
3 1.96191
4 1.76279
418000 4
1 2.14871
2 2.19072
3 1.92031
4 1.63628
419000 4
1 2.12374
2 2.09276
3 1.87836
4 1.76037
420000 4
1 2.12008
2 1.94746
3 1.86498
4 1.84722
421000 4
1 2.04251
2 1.81488
3 2.08724
4 1.91558
422000 4
1 2.2429
2 1.79115
3 2.0131
4 1.70905
423000 4
1 2.14579
2 1.86228
3 1.93721
4 1.91895
424000 4
1 2.37015
2 1.71946
3 1.98536
4 1.80647
425000 4
1 2.23689
2 1.84406
3 1.97564
4 1.80848
426000 4
1 2.26738
2 1.66738
3 2.12107
4 1.78119
427000 4
1 2.37057
2 1.69983
3 2.10405
4 1.70902
428000 4
1 2.30292
2 1.68061
3 2.18944
4 1.67362
429000 4
1 2.39193
2 1.84647
3 2.04311
4 1.58949
430000 4
1 2.36081
2 1.60059
3 2.14009
4 1.70566
431000 4
1 2.37986
2 1.76363
3 1.99309
4 1.67226
432000 4
1 2.33833
2 1.66762
3 2.04035
4 1.71674
433000 4
1 2.32239
2 1.6601
3 2.13949
4 1.58968
434000 4
1 2.19982
2 1.80636
3 2.12545
4 1.59012
435000 4
1 2.21808
2 1.6202
3 2.2011
4 1.6743
436000 4
1 2.32878
2 1.66867
3 2.04766
4 1.71402
437000 4
1 2.39441
2 1.57983
3 2.09945
4 1.68127
438000 4
1 2.15028
2 1.66955
3 2.21845
4 1.72603
439000 4
1 2.34965
2 1.61636
3 2.03443
4 1.81545
440000 4
1 2.13969
2 1.64326
3 2.30637
4 1.75334
441000 4
1 2.31218
2 1.75337
3 2.12392
4 1.48221
442000 4
1 2.12828
2 1.73351
3 2.18722
4 1.63596
443000 4
1 2.19754
2 1.81982
3 2.08487
4 1.67021
444000 4
1 2.17147
2 1.63658
3 2.20312
4 1.76371
445000 4
1 2.11544
2 1.75388
3 1.99819
4 1.78368
446000 4
1 2.1498
2 1.6903
3 2.17993
4 1.73469
447000 4
1 2.19979
2 1.63289
3 2.0535
4 1.88849
448000 4
1 2.0641
2 1.69063
3 2.05041
4 1.84522
449000 4
1 2.08172
2 1.71482
3 1.96906
4 1.99688
450000 4
1 2.10862
2 1.69961
3 1.97826
4 1.96389
451000 4
1 2.01706
2 1.80441
3 1.9536
4 2.01873
452000 4
1 1.98741
2 1.70449
3 1.94191
4 1.9945
453000 4
1 1.94426
2 1.7534
3 2.01921
4 1.9628
454000 4
1 1.91354
2 1.73713
3 2.08912
4 1.92284
455000 4
1 1.94256
2 1.73887
3 2.0647
4 1.93491
456000 4
1 1.87921
2 1.80832
3 2.08159
4 1.92807
457000 4
1 1.85438
2 1.71171
3 2.09166
4 2.12536
458000 4
1 1.88277
2 1.72426
3 2.06905
4 2.05798
459000 4
1 1.85514
2 1.76323
3 2.04176
4 2.117
460000 4
1 1.92504
2 1.8379
3 2.01239
4 1.95907
461000 4
1 1.96377
2 1.81043
3 1.9769
4 1.94314
462000 4
1 1.9508
2 1.86803
3 2.0281
4 1.8152
463000 4
1 1.99698
2 1.85323
3 2.15091
4 1.75017
464000 4
1 2.08346
2 1.82702
3 2.15128
4 1.67608
465000 4
1 2.01504
2 1.8578
3 2.15237
4 1.65229
466000 4
1 1.97727
2 2.04902
3 2.09685
4 1.64308
467000 4
1 2.01171
2 1.75151
3 2.11653
4 1.88265
468000 4
1 1.89337
2 2.01382
3 2.02544
4 1.81144
469000 4
1 1.91097
2 1.92656
3 1.96243
4 1.87709
470000 4
1 1.89942
2 2.02185
3 1.8308
4 2.00115
471000 4
1 1.91002
2 1.78689
3 1.97203
4 1.96597
472000 4
1 1.97734
2 1.65812
3 2.03709
4 1.9662
473000 4
1 1.95492
2 1.75184
3 1.97288
4 2.00338
474000 4
1 2.03996
2 1.66078
3 2.07131
4 1.93554
475000 4
1 1.93339
2 1.76667
3 2.00252
4 1.97627
476000 4
1 2.06321
2 1.8144
3 1.93221
4 1.91523
477000 4
1 2.09225
2 1.76739
3 1.87198
4 1.98812
478000 4
1 2.08833
2 1.84697
3 1.89021
4 1.93846
479000 4
1 2.09832
2 1.8366
3 1.84971
4 1.93062
480000 4
1 2.11329
2 1.73483
3 1.95738
4 1.88858
481000 4
1 2.0691
2 1.73888
3 1.99638
4 1.81
482000 4
1 1.9587
2 1.79944
3 2.03009
4 1.9553
483000 4
1 2.07301
2 1.84006
3 1.90746
4 1.71436
484000 4
1 2.17126
2 1.90159
3 1.96848
4 1.72512
485000 4
1 2.2135
2 1.97511
3 1.8681
4 1.64849
486000 4
1 2.20372
2 1.9492
3 1.86368
4 1.8161
487000 4
1 2.28121
2 1.90943
3 1.81167
4 1.74714
488000 4
1 2.32337
2 1.87824
3 1.76132
4 1.78411
489000 4
1 2.25969
2 1.98964
3 1.80633
4 1.76763
490000 4
1 2.33837
2 1.68269
3 1.87289
4 1.90456
491000 4
1 2.2809
2 1.60126
3 2.01094
4 1.84249
492000 4
1 2.27027
2 1.59784
3 2.16737
4 1.80457
493000 4
1 2.32524
2 1.63443
3 1.99164
4 1.87844
494000 4
1 2.12929
2 1.83032
3 2.08049
4 1.79288
495000 4
1 2.20005
2 1.7799
3 1.98032
4 1.78246
496000 4
1 2.16369
2 1.78247
3 2.03104
4 1.78464
497000 4
1 2.15601
2 1.87502
3 1.95447
4 1.79174
498000 4
1 2.19083
2 1.69405
3 1.97849
4 1.8728
499000 4
1 2.22097
2 1.79276
3 1.81799
4 1.90316
500000 4
1 2.35566
2 1.68879
3 2.11292
4 1.64
501000 4
1 2.0721
2 1.81292
3 2.15792
4 1.67907
502000 4
1 2.21154
2 1.67729
3 2.2169
4 1.63627
503000 4
1 2.13737
2 1.56762
3 2.1721
4 1.73296
504000 4
1 2.12014
2 1.63827
3 2.21209
4 1.72329
505000 4
1 2.16188
2 1.69581
3 2.00664
4 1.81573
506000 4
1 2.10889
2 1.63759
3 2.19981
4 1.862
507000 4
1 2.09152
2 1.67497
3 2.07758
4 1.9064
508000 4
1 2.01659
2 1.80009
3 2.11127
4 1.85889
509000 4
1 2.0687
2 1.67389
3 2.22782
4 1.89284
510000 4
1 2.01272
2 1.7494
3 2.21841
4 1.81989
511000 4
1 2.11285
2 1.58651
3 2.18101
4 1.86409
512000 4
1 2.13388
2 1.661
3 2.20577
4 1.75544
513000 4
1 2.15542
2 1.63279
3 2.14981
4 1.80264
514000 4
1 2.00415
2 1.72309
3 2.20471
4 1.85177
515000 4
1 2.02142
2 1.82973
3 2.23764
4 1.78153
516000 4
1 2.04377
2 1.73611
3 2.16422
4 1.8579
517000 4
1 2.1136
2 1.78975
3 2.09267
4 1.82922
518000 4
1 2.1442
2 1.68806
3 2.12974
4 1.80027
519000 4
1 2.12853
2 1.71405
3 2.17821
4 1.82846
520000 4
1 2.09632
2 1.82745
3 2.08607
4 1.77663
521000 4
1 2.03063
2 1.99873
3 2.10353
4 1.64216
522000 4
1 2.1729
2 1.98523
3 1.98089
4 1.73322
523000 4
1 2.10529
2 2.04147
3 1.94582
4 1.78009
524000 4
1 2.19537
2 2.00708
3 1.77217
4 1.69911
525000 4
1 2.11569
2 2.01362
3 1.81201
4 1.87492
526000 4
1 2.09015
2 1.97839
3 1.83075
4 1.82289
527000 4
1 2.30777
2 1.95708
3 1.84438
4 1.76804
528000 4
1 2.14978
2 1.87894
3 2.07463
4 1.73949
529000 4
1 2.19871
2 1.8358
3 1.97275
4 1.76609
530000 4
1 2.07312
2 1.76291
3 1.98664
4 1.89639
531000 4
1 2.2517
2 1.76845
3 1.94072
4 1.84192
532000 4
1 2.10677
2 1.74234
3 1.99419
4 1.96862
533000 4
1 2.25147
2 1.64587
3 2.08703
4 1.78701
534000 4
1 2.10175
2 1.82683
3 1.96603
4 1.8493
535000 4
1 2.21461
2 1.83787
3 1.76232
4 1.87093
536000 4
1 2.0991
2 1.85193
3 1.78603
4 1.91897
537000 4
1 2.17876
2 1.82314
3 1.72985
4 2.01526
538000 4
1 2.21764
2 1.83537
3 1.79121
4 1.86956
539000 4
1 2.37578
2 1.7395
3 1.81362
4 1.8416
540000 4
1 2.39491
2 1.74495
3 1.76473
4 1.9104
541000 4
1 2.31998
2 1.76504
3 1.71042
4 2.06432
542000 4
1 2.20906
2 1.83434
3 1.74693
4 1.96351
543000 4
1 2.14646
2 1.8084
3 1.78335
4 2.07369
544000 4
1 2.24361
2 1.77098
3 1.83908
4 1.96687
545000 4
1 2.28319
2 1.82451
3 1.83775
4 1.78388
546000 4
1 2.1795
2 1.88201
3 1.87275
4 1.83502
547000 4
1 2.17619
2 1.87386
3 1.91574
4 1.84557
548000 4
1 2.24932
2 1.91301
3 1.94853
4 1.74799
549000 4
1 2.1644
2 1.89885
3 2.04145
4 1.72825
550000 4
1 2.11937
2 1.92737
3 2.08434
4 1.68484
551000 4
1 2.11419
2 1.97957
3 2.07137
4 1.69747
552000 4
1 2.1812
2 1.93106
3 2.00202
4 1.76975
553000 4
1 2.16035
2 1.87486
3 2.00432
4 1.7137
554000 4
1 2.17001
2 1.97473
3 1.91913
4 1.76094
555000 4
1 2.14799
2 1.92827
3 1.89837
4 1.87313
556000 4
1 1.98045
2 1.89812
3 1.93158
4 1.98542
557000 4
1 2.0727
2 1.80845
3 1.92279
4 2.05866
558000 4
1 2.01027
2 1.85833
3 2.0123
4 1.99044
559000 4
1 2.05721
2 1.89623
3 1.9564
4 1.91784
560000 4
1 2.19818
2 1.80959
3 1.93352
4 1.8407
561000 4
1 2.1541
2 1.81577
3 1.97656
4 1.84915
562000 4
1 2.07134
2 1.83598
3 1.99985
4 1.88179
563000 4
1 2.16886
2 1.89488
3 1.97403
4 1.75951
564000 4
1 2.31106
2 2.017
3 1.828
4 1.69744
565000 4
1 2.32477
2 1.93352
3 1.74659
4 1.79715
566000 4
1 2.36743
2 2.0061
3 1.6282
4 1.81982
567000 4
1 2.39655
2 1.96365
3 1.66091
4 1.81497
568000 4
1 2.49157
2 1.86812
3 1.68657
4 1.78859
569000 4
1 2.42626
2 1.93757
3 1.6369
4 1.83622
570000 4
1 2.30575
2 1.88238
3 1.78492
4 1.81336
571000 4
1 2.19236
2 2.02184
3 1.72448
4 1.8479
572000 4
1 2.29858
2 1.93868
3 1.66387
4 1.897
573000 4
1 2.29735
2 1.99226
3 1.68564
4 1.80855
574000 4
1 2.36452
2 2.06932
3 1.70865
4 1.7182
575000 4
1 2.3209
2 2.20615
3 1.61368
4 1.64689
576000 4
1 2.23356
2 2.04081
3 1.82179
4 1.76397
577000 4
1 2.21298
2 1.99914
3 1.8926
4 1.67046
578000 4
1 2.21308
2 1.91269
3 1.94874
4 1.67477
579000 4
1 2.38416
2 1.81579
3 1.93813
4 1.7014
580000 4
1 2.15151
2 1.91441
3 1.85834
4 1.92581
581000 4
1 2.26793
2 1.81117
3 1.83517
4 1.85584
582000 4
1 2.17682
2 1.91289
3 1.80756
4 1.93567
583000 4
1 2.26457
2 1.80252
3 1.85377
4 1.94597
584000 4
1 2.20255
2 1.87726
3 1.77055
4 1.9421
585000 4
1 2.18477
2 1.90004
3 1.88046
4 1.94493
586000 4
1 2.16069
2 1.92324
3 1.88097
4 1.89958
587000 4
1 2.05002
2 1.8532
3 1.93221
4 1.97308
588000 4
1 2.05546
2 1.97524
3 1.89879
4 1.99713
589000 4
1 2.06414
2 1.98107
3 1.96312
4 1.87509
590000 4
1 2.08806
2 1.95656
3 1.95064
4 1.86115
591000 4
1 2.19384
2 1.85644
3 1.9608
4 1.92578
592000 4
1 2.18724
2 1.93073
3 1.90024
4 1.84087
593000 4
1 2.08839
2 1.93193
3 1.82681
4 2.03264
594000 4
1 2.07213
2 2.02239
3 1.88371
4 1.8934
595000 4
1 2.06684
2 2.08924
3 1.78949
4 1.8852
596000 4
1 2.06431
2 2.03867
3 1.85358
4 1.88431
597000 4
1 2.04408
2 2.15144
3 1.79106
4 1.8705
598000 4
1 2.05404
2 2.10353
3 1.81449
4 1.89913
599000 4
1 2.08425
2 2.14505
3 1.7689
4 1.91044
600000 4
1 2.13271
2 2.14021
3 1.87465
4 1.77057
601000 4
1 2.2659
2 2.12181
3 1.7663
4 1.80388
602000 4
1 2.2493
2 2.11236
3 1.67031
4 1.86066
603000 4
1 2.22545
2 2.15382
3 1.65111
4 1.86403
604000 4
1 2.25283
2 2.06854
3 1.76653
4 1.85009
605000 4
1 2.21984
2 1.99082
3 1.81966
4 1.87105
606000 4
1 2.16548
2 2.05984
3 1.84285
4 1.80248
607000 4
1 2.19672
2 2.07861
3 1.81166
4 1.8658
608000 4
1 2.15625
2 2.21163
3 1.83925
4 1.78369
609000 4
1 2.0285
2 2.18796
3 1.92506
4 1.71215
610000 4
1 2.16371
2 2.11943
3 1.90385
4 1.77515
611000 4
1 2.15658
2 2.05798
3 1.91624
4 1.77651
612000 4
1 2.20733
2 1.98968
3 1.98435
4 1.76543
