1920 1920 28 28 28
1 1 2.34 2.6 -0.594
2 1 1.75 3.03 0.594
3 1 1.58 2.6 -1.83
4 1 0.252 3.03 -1.83
5 1 2.96 0.698 -1.83
6 1 2.96 -0.698 -1.83
7 1 3.2 1.43 -0.594
8 1 3.43 0.727 0.594
9 1 1.96 1.43 -2.6
10 1 1 0.727 -3.33
11 1 0.367 3.48 0.594
12 1 -0.367 3.48 -0.594
13 1 -0.252 3.03 1.83
14 1 -1.58 2.6 1.83
15 1 1.99 2.31 1.83
16 1 2.81 1.18 1.83
17 1 0.75 2.31 2.6
18 1 0.382 1.18 3.33
19 1 -1.75 3.03 -0.594
20 1 -2.34 2.6 0.594
21 1 -1.99 2.31 -1.83
22 1 -2.81 1.18 -1.83
23 1 -0.75 2.31 -2.6
24 1 -0.382 1.18 -3.33
25 1 -3.2 1.43 0.594
26 1 -3.43 0.727 -0.594
27 1 -2.96 0.698 1.83
28 1 -2.96 -0.698 1.83
29 1 -1.96 1.43 2.6
30 1 -1 0.727 3.33
31 1 -3.43 -0.727 -0.594
32 1 -3.2 -1.43 0.594
33 1 -2.81 -1.18 -1.83
34 1 -1.99 -2.31 -1.83
35 1 -2.43 7.84e-15 -2.6
36 1 -1.24 4e-15 -3.33
37 1 -2.34 -2.6 0.594
38 1 -1.75 -3.03 -0.594
39 1 -1.58 -2.6 1.83
40 1 -0.252 -3.03 1.83
41 1 -1.96 -1.43 2.6
42 1 -1 -0.727 3.33
43 1 -0.367 -3.48 -0.594
44 1 0.367 -3.48 0.594
45 1 0.252 -3.03 -1.83
46 1 1.58 -2.6 -1.83
47 1 -0.75 -2.31 -2.6
48 1 -0.382 -1.18 -3.33
49 1 1.75 -3.03 0.594
50 1 2.34 -2.6 -0.594
51 1 1.99 -2.31 1.83
52 1 2.81 -1.18 1.83
53 1 0.75 -2.31 2.6
54 1 0.382 -1.18 3.33
55 1 3.2 -1.43 -0.594
56 1 3.43 -0.727 0.594
57 1 1.96 -1.43 -2.6
58 1 1 -0.727 -3.33
59 1 2.43 0 2.6
60 1 1.24 0 3.33
61 1 9.34 9.6 -0.594
62 1 8.75 10.03 0.594
63 1 8.58 9.6 -1.83
64 1 7.252 10.03 -1.83
65 1 9.96 7.698 -1.83
66 1 9.96 6.302 -1.83
67 1 10.2 8.43 -0.594
68 1 10.43 7.727 0.594
69 1 8.96 8.43 -2.6
70 1 8 7.727 -3.33
71 1 7.367 10.48 0.594
72 1 6.633 10.48 -0.594
73 1 6.748 10.03 1.83
74 1 5.42 9.6 1.83
75 1 8.99 9.31 1.83
76 1 9.81 8.18 1.83
77 1 7.75 9.31 2.6
78 1 7.382 8.18 3.33
79 1 5.25 10.03 -0.594
80 1 4.66 9.6 0.594
81 1 5.01 9.31 -1.83
82 1 4.19 8.18 -1.83
83 1 6.25 9.31 -2.6
84 1 6.618 8.18 -3.33
85 1 3.8 8.43 0.594
86 1 3.57 7.727 -0.594
87 1 4.04 7.698 1.83
88 1 4.04 6.302 1.83
89 1 5.04 8.43 2.6
90 1 6 7.727 3.33
91 1 3.57 6.273 -0.594
92 1 3.8 5.57 0.594
93 1 4.19 5.82 -1.83
94 1 5.01 4.69 -1.83
95 1 4.57 7 -2.6
96 1 5.76 7 -3.33
97 1 4.66 4.4 0.594
98 1 5.25 3.97 -0.594
99 1 5.42 4.4 1.83
100 1 6.748 3.97 1.83
101 1 5.04 5.57 2.6
102 1 6 6.273 3.33
103 1 6.633 3.52 -0.594
104 1 7.367 3.52 0.594
105 1 7.252 3.97 -1.83
106 1 8.58 4.4 -1.83
107 1 6.25 4.69 -2.6
108 1 6.618 5.82 -3.33
109 1 8.75 3.97 0.594
110 1 9.34 4.4 -0.594
111 1 8.99 4.69 1.83
112 1 9.81 5.82 1.83
113 1 7.75 4.69 2.6
114 1 7.382 5.82 3.33
115 1 10.2 5.57 -0.594
116 1 10.43 6.273 0.594
117 1 8.96 5.57 -2.6
118 1 8 6.273 -3.33
119 1 9.43 7 2.6
120 1 8.24 7 3.33
121 1 9.34 2.6 6.406
122 1 8.75 3.03 7.594
123 1 8.58 2.6 5.17
124 1 7.252 3.03 5.17
125 1 9.96 0.698 5.17
126 1 9.96 -0.698 5.17
127 1 10.2 1.43 6.406
128 1 10.43 0.727 7.594
129 1 8.96 1.43 4.4
130 1 8 0.727 3.67
131 1 7.367 3.48 7.594
132 1 6.633 3.48 6.406
133 1 6.748 3.03 8.83
134 1 5.42 2.6 8.83
135 1 8.99 2.31 8.83
136 1 9.81 1.18 8.83
137 1 7.75 2.31 9.6
138 1 7.382 1.18 10.33
139 1 5.25 3.03 6.406
140 1 4.66 2.6 7.594
141 1 5.01 2.31 5.17
142 1 4.19 1.18 5.17
143 1 6.25 2.31 4.4
144 1 6.618 1.18 3.67
145 1 3.8 1.43 7.594
146 1 3.57 0.727 6.406
147 1 4.04 0.698 8.83
148 1 4.04 -0.698 8.83
149 1 5.04 1.43 9.6
150 1 6 0.727 10.33
151 1 3.57 -0.727 6.406
152 1 3.8 -1.43 7.594
153 1 4.19 -1.18 5.17
154 1 5.01 -2.31 5.17
155 1 4.57 7.84e-15 4.4
156 1 5.76 4e-15 3.67
157 1 4.66 -2.6 7.594
158 1 5.25 -3.03 6.406
159 1 5.42 -2.6 8.83
160 1 6.748 -3.03 8.83
161 1 5.04 -1.43 9.6
162 1 6 -0.727 10.33
163 1 6.633 -3.48 6.406
164 1 7.367 -3.48 7.594
165 1 7.252 -3.03 5.17
166 1 8.58 -2.6 5.17
167 1 6.25 -2.31 4.4
168 1 6.618 -1.18 3.67
169 1 8.75 -3.03 7.594
170 1 9.34 -2.6 6.406
171 1 8.99 -2.31 8.83
172 1 9.81 -1.18 8.83
173 1 7.75 -2.31 9.6
174 1 7.382 -1.18 10.33
175 1 10.2 -1.43 6.406
176 1 10.43 -0.727 7.594
177 1 8.96 -1.43 4.4
178 1 8 -0.727 3.67
179 1 9.43 0 9.6
180 1 8.24 0 10.33
181 1 2.34 9.6 6.406
182 1 1.75 10.03 7.594
183 1 1.58 9.6 5.17
184 1 0.252 10.03 5.17
185 1 2.96 7.698 5.17
186 1 2.96 6.302 5.17
187 1 3.2 8.43 6.406
188 1 3.43 7.727 7.594
189 1 1.96 8.43 4.4
190 1 1 7.727 3.67
191 1 0.367 10.48 7.594
192 1 -0.367 10.48 6.406
193 1 -0.252 10.03 8.83
194 1 -1.58 9.6 8.83
195 1 1.99 9.31 8.83
196 1 2.81 8.18 8.83
197 1 0.75 9.31 9.6
198 1 0.382 8.18 10.33
199 1 -1.75 10.03 6.406
200 1 -2.34 9.6 7.594
201 1 -1.99 9.31 5.17
202 1 -2.81 8.18 5.17
203 1 -0.75 9.31 4.4
204 1 -0.382 8.18 3.67
205 1 -3.2 8.43 7.594
206 1 -3.43 7.727 6.406
207 1 -2.96 7.698 8.83
208 1 -2.96 6.302 8.83
209 1 -1.96 8.43 9.6
210 1 -1 7.727 10.33
211 1 -3.43 6.273 6.406
212 1 -3.2 5.57 7.594
213 1 -2.81 5.82 5.17
214 1 -1.99 4.69 5.17
215 1 -2.43 7 4.4
216 1 -1.24 7 3.67
217 1 -2.34 4.4 7.594
218 1 -1.75 3.97 6.406
219 1 -1.58 4.4 8.83
220 1 -0.252 3.97 8.83
221 1 -1.96 5.57 9.6
222 1 -1 6.273 10.33
223 1 -0.367 3.52 6.406
224 1 0.367 3.52 7.594
225 1 0.252 3.97 5.17
226 1 1.58 4.4 5.17
227 1 -0.75 4.69 4.4
228 1 -0.382 5.82 3.67
229 1 1.75 3.97 7.594
230 1 2.34 4.4 6.406
231 1 1.99 4.69 8.83
232 1 2.81 5.82 8.83
233 1 0.75 4.69 9.6
234 1 0.382 5.82 10.33
235 1 3.2 5.57 6.406
236 1 3.43 6.273 7.594
237 1 1.96 5.57 4.4
238 1 1 6.273 3.67
239 1 2.43 7 9.6
240 1 1.24 7 10.33
241 1 16.34 2.6 -0.594
242 1 15.75 3.03 0.594
243 1 15.58 2.6 -1.83
244 1 14.252 3.03 -1.83
245 1 16.96 0.698 -1.83
246 1 16.96 -0.698 -1.83
247 1 17.2 1.43 -0.594
248 1 17.43 0.727 0.594
249 1 15.96 1.43 -2.6
250 1 15 0.727 -3.33
251 1 14.367 3.48 0.594
252 1 13.633 3.48 -0.594
253 1 13.748 3.03 1.83
254 1 12.42 2.6 1.83
255 1 15.99 2.31 1.83
256 1 16.81 1.18 1.83
257 1 14.75 2.31 2.6
258 1 14.382 1.18 3.33
259 1 12.25 3.03 -0.594
260 1 11.66 2.6 0.594
261 1 12.01 2.31 -1.83
262 1 11.19 1.18 -1.83
263 1 13.25 2.31 -2.6
264 1 13.618 1.18 -3.33
265 1 10.8 1.43 0.594
266 1 10.57 0.727 -0.594
267 1 11.04 0.698 1.83
268 1 11.04 -0.698 1.83
269 1 12.04 1.43 2.6
270 1 13 0.727 3.33
271 1 10.57 -0.727 -0.594
272 1 10.8 -1.43 0.594
273 1 11.19 -1.18 -1.83
274 1 12.01 -2.31 -1.83
275 1 11.57 7.84e-15 -2.6
276 1 12.76 4e-15 -3.33
277 1 11.66 -2.6 0.594
278 1 12.25 -3.03 -0.594
279 1 12.42 -2.6 1.83
280 1 13.748 -3.03 1.83
281 1 12.04 -1.43 2.6
282 1 13 -0.727 3.33
283 1 13.633 -3.48 -0.594
284 1 14.367 -3.48 0.594
285 1 14.252 -3.03 -1.83
286 1 15.58 -2.6 -1.83
287 1 13.25 -2.31 -2.6
288 1 13.618 -1.18 -3.33
289 1 15.75 -3.03 0.594
290 1 16.34 -2.6 -0.594
291 1 15.99 -2.31 1.83
292 1 16.81 -1.18 1.83
293 1 14.75 -2.31 2.6
294 1 14.382 -1.18 3.33
295 1 17.2 -1.43 -0.594
296 1 17.43 -0.727 0.594
297 1 15.96 -1.43 -2.6
298 1 15 -0.727 -3.33
299 1 16.43 0 2.6
300 1 15.24 0 3.33
301 1 23.34 9.6 -0.594
302 1 22.75 10.03 0.594
303 1 22.58 9.6 -1.83
304 1 21.252 10.03 -1.83
305 1 23.96 7.698 -1.83
306 1 23.96 6.302 -1.83
307 1 24.2 8.43 -0.594
308 1 24.43 7.727 0.594
309 1 22.96 8.43 -2.6
310 1 22 7.727 -3.33
311 1 21.367 10.48 0.594
312 1 20.633 10.48 -0.594
313 1 20.748 10.03 1.83
314 1 19.42 9.6 1.83
315 1 22.99 9.31 1.83
316 1 23.81 8.18 1.83
317 1 21.75 9.31 2.6
318 1 21.382 8.18 3.33
319 1 19.25 10.03 -0.594
320 1 18.66 9.6 0.594
321 1 19.01 9.31 -1.83
322 1 18.19 8.18 -1.83
323 1 20.25 9.31 -2.6
324 1 20.618 8.18 -3.33
325 1 17.8 8.43 0.594
326 1 17.57 7.727 -0.594
327 1 18.04 7.698 1.83
328 1 18.04 6.302 1.83
329 1 19.04 8.43 2.6
330 1 20 7.727 3.33
331 1 17.57 6.273 -0.594
332 1 17.8 5.57 0.594
333 1 18.19 5.82 -1.83
334 1 19.01 4.69 -1.83
335 1 18.57 7 -2.6
336 1 19.76 7 -3.33
337 1 18.66 4.4 0.594
338 1 19.25 3.97 -0.594
339 1 19.42 4.4 1.83
340 1 20.748 3.97 1.83
341 1 19.04 5.57 2.6
342 1 20 6.273 3.33
343 1 20.633 3.52 -0.594
344 1 21.367 3.52 0.594
345 1 21.252 3.97 -1.83
346 1 22.58 4.4 -1.83
347 1 20.25 4.69 -2.6
348 1 20.618 5.82 -3.33
349 1 22.75 3.97 0.594
350 1 23.34 4.4 -0.594
351 1 22.99 4.69 1.83
352 1 23.81 5.82 1.83
353 1 21.75 4.69 2.6
354 1 21.382 5.82 3.33
355 1 24.2 5.57 -0.594
356 1 24.43 6.273 0.594
357 1 22.96 5.57 -2.6
358 1 22 6.273 -3.33
359 1 23.43 7 2.6
360 1 22.24 7 3.33
361 1 23.34 2.6 6.406
362 1 22.75 3.03 7.594
363 1 22.58 2.6 5.17
364 1 21.252 3.03 5.17
365 1 23.96 0.698 5.17
366 1 23.96 -0.698 5.17
367 1 24.2 1.43 6.406
368 1 24.43 0.727 7.594
369 1 22.96 1.43 4.4
370 1 22 0.727 3.67
371 1 21.367 3.48 7.594
372 1 20.633 3.48 6.406
373 1 20.748 3.03 8.83
374 1 19.42 2.6 8.83
375 1 22.99 2.31 8.83
376 1 23.81 1.18 8.83
377 1 21.75 2.31 9.6
378 1 21.382 1.18 10.33
379 1 19.25 3.03 6.406
380 1 18.66 2.6 7.594
381 1 19.01 2.31 5.17
382 1 18.19 1.18 5.17
383 1 20.25 2.31 4.4
384 1 20.618 1.18 3.67
385 1 17.8 1.43 7.594
386 1 17.57 0.727 6.406
387 1 18.04 0.698 8.83
388 1 18.04 -0.698 8.83
389 1 19.04 1.43 9.6
390 1 20 0.727 10.33
391 1 17.57 -0.727 6.406
392 1 17.8 -1.43 7.594
393 1 18.19 -1.18 5.17
394 1 19.01 -2.31 5.17
395 1 18.57 7.84e-15 4.4
396 1 19.76 4e-15 3.67
397 1 18.66 -2.6 7.594
398 1 19.25 -3.03 6.406
399 1 19.42 -2.6 8.83
400 1 20.748 -3.03 8.83
401 1 19.04 -1.43 9.6
402 1 20 -0.727 10.33
403 1 20.633 -3.48 6.406
404 1 21.367 -3.48 7.594
405 1 21.252 -3.03 5.17
406 1 22.58 -2.6 5.17
407 1 20.25 -2.31 4.4
408 1 20.618 -1.18 3.67
409 1 22.75 -3.03 7.594
410 1 23.34 -2.6 6.406
411 1 22.99 -2.31 8.83
412 1 23.81 -1.18 8.83
413 1 21.75 -2.31 9.6
414 1 21.382 -1.18 10.33
415 1 24.2 -1.43 6.406
416 1 24.43 -0.727 7.594
417 1 22.96 -1.43 4.4
418 1 22 -0.727 3.67
419 1 23.43 0 9.6
420 1 22.24 0 10.33
421 1 16.34 9.6 6.406
422 1 15.75 10.03 7.594
423 1 15.58 9.6 5.17
424 1 14.252 10.03 5.17
425 1 16.96 7.698 5.17
426 1 16.96 6.302 5.17
427 1 17.2 8.43 6.406
428 1 17.43 7.727 7.594
429 1 15.96 8.43 4.4
430 1 15 7.727 3.67
431 1 14.367 10.48 7.594
432 1 13.633 10.48 6.406
433 1 13.748 10.03 8.83
434 1 12.42 9.6 8.83
435 1 15.99 9.31 8.83
436 1 16.81 8.18 8.83
437 1 14.75 9.31 9.6
438 1 14.382 8.18 10.33
439 1 12.25 10.03 6.406
440 1 11.66 9.6 7.594
441 1 12.01 9.31 5.17
442 1 11.19 8.18 5.17
443 1 13.25 9.31 4.4
444 1 13.618 8.18 3.67
445 1 10.8 8.43 7.594
446 1 10.57 7.727 6.406
447 1 11.04 7.698 8.83
448 1 11.04 6.302 8.83
449 1 12.04 8.43 9.6
450 1 13 7.727 10.33
451 1 10.57 6.273 6.406
452 1 10.8 5.57 7.594
453 1 11.19 5.82 5.17
454 1 12.01 4.69 5.17
455 1 11.57 7 4.4
456 1 12.76 7 3.67
457 1 11.66 4.4 7.594
458 1 12.25 3.97 6.406
459 1 12.42 4.4 8.83
460 1 13.748 3.97 8.83
461 1 12.04 5.57 9.6
462 1 13 6.273 10.33
463 1 13.633 3.52 6.406
464 1 14.367 3.52 7.594
465 1 14.252 3.97 5.17
466 1 15.58 4.4 5.17
467 1 13.25 4.69 4.4
468 1 13.618 5.82 3.67
469 1 15.75 3.97 7.594
470 1 16.34 4.4 6.406
471 1 15.99 4.69 8.83
472 1 16.81 5.82 8.83
473 1 14.75 4.69 9.6
474 1 14.382 5.82 10.33
475 1 17.2 5.57 6.406
476 1 17.43 6.273 7.594
477 1 15.96 5.57 4.4
478 1 15 6.273 3.67
479 1 16.43 7 9.6
480 1 15.24 7 10.33
481 1 2.34 16.6 -0.594
482 1 1.75 17.03 0.594
483 1 1.58 16.6 -1.83
484 1 0.252 17.03 -1.83
485 1 2.96 14.698 -1.83
486 1 2.96 13.302 -1.83
487 1 3.2 15.43 -0.594
488 1 3.43 14.727 0.594
489 1 1.96 15.43 -2.6
490 1 1 14.727 -3.33
491 1 0.367 17.48 0.594
492 1 -0.367 17.48 -0.594
493 1 -0.252 17.03 1.83
494 1 -1.58 16.6 1.83
495 1 1.99 16.31 1.83
496 1 2.81 15.18 1.83
497 1 0.75 16.31 2.6
498 1 0.382 15.18 3.33
499 1 -1.75 17.03 -0.594
500 1 -2.34 16.6 0.594
501 1 -1.99 16.31 -1.83
502 1 -2.81 15.18 -1.83
503 1 -0.75 16.31 -2.6
504 1 -0.382 15.18 -3.33
505 1 -3.2 15.43 0.594
506 1 -3.43 14.727 -0.594
507 1 -2.96 14.698 1.83
508 1 -2.96 13.302 1.83
509 1 -1.96 15.43 2.6
510 1 -1 14.727 3.33
511 1 -3.43 13.273 -0.594
512 1 -3.2 12.57 0.594
513 1 -2.81 12.82 -1.83
514 1 -1.99 11.69 -1.83
515 1 -2.43 14 -2.6
516 1 -1.24 14 -3.33
517 1 -2.34 11.4 0.594
518 1 -1.75 10.97 -0.594
519 1 -1.58 11.4 1.83
520 1 -0.252 10.97 1.83
521 1 -1.96 12.57 2.6
522 1 -1 13.273 3.33
523 1 -0.367 10.52 -0.594
524 1 0.367 10.52 0.594
525 1 0.252 10.97 -1.83
526 1 1.58 11.4 -1.83
527 1 -0.75 11.69 -2.6
528 1 -0.382 12.82 -3.33
529 1 1.75 10.97 0.594
530 1 2.34 11.4 -0.594
531 1 1.99 11.69 1.83
532 1 2.81 12.82 1.83
533 1 0.75 11.69 2.6
534 1 0.382 12.82 3.33
535 1 3.2 12.57 -0.594
536 1 3.43 13.273 0.594
537 1 1.96 12.57 -2.6
538 1 1 13.273 -3.33
539 1 2.43 14 2.6
540 1 1.24 14 3.33
541 1 9.34 23.6 -0.594
542 1 8.75 24.03 0.594
543 1 8.58 23.6 -1.83
544 1 7.252 24.03 -1.83
545 1 9.96 21.698 -1.83
546 1 9.96 20.302 -1.83
547 1 10.2 22.43 -0.594
548 1 10.43 21.727 0.594
549 1 8.96 22.43 -2.6
550 1 8 21.727 -3.33
551 1 7.367 24.48 0.594
552 1 6.633 24.48 -0.594
553 1 6.748 24.03 1.83
554 1 5.42 23.6 1.83
555 1 8.99 23.31 1.83
556 1 9.81 22.18 1.83
557 1 7.75 23.31 2.6
558 1 7.382 22.18 3.33
559 1 5.25 24.03 -0.594
560 1 4.66 23.6 0.594
561 1 5.01 23.31 -1.83
562 1 4.19 22.18 -1.83
563 1 6.25 23.31 -2.6
564 1 6.618 22.18 -3.33
565 1 3.8 22.43 0.594
566 1 3.57 21.727 -0.594
567 1 4.04 21.698 1.83
568 1 4.04 20.302 1.83
569 1 5.04 22.43 2.6
570 1 6 21.727 3.33
571 1 3.57 20.273 -0.594
572 1 3.8 19.57 0.594
573 1 4.19 19.82 -1.83
574 1 5.01 18.69 -1.83
575 1 4.57 21 -2.6
576 1 5.76 21 -3.33
577 1 4.66 18.4 0.594
578 1 5.25 17.97 -0.594
579 1 5.42 18.4 1.83
580 1 6.748 17.97 1.83
581 1 5.04 19.57 2.6
582 1 6 20.273 3.33
583 1 6.633 17.52 -0.594
584 1 7.367 17.52 0.594
585 1 7.252 17.97 -1.83
586 1 8.58 18.4 -1.83
587 1 6.25 18.69 -2.6
588 1 6.618 19.82 -3.33
589 1 8.75 17.97 0.594
590 1 9.34 18.4 -0.594
591 1 8.99 18.69 1.83
592 1 9.81 19.82 1.83
593 1 7.75 18.69 2.6
594 1 7.382 19.82 3.33
595 1 10.2 19.57 -0.594
596 1 10.43 20.273 0.594
597 1 8.96 19.57 -2.6
598 1 8 20.273 -3.33
599 1 9.43 21 2.6
600 1 8.24 21 3.33
601 1 9.34 16.6 6.406
602 1 8.75 17.03 7.594
603 1 8.58 16.6 5.17
604 1 7.252 17.03 5.17
605 1 9.96 14.698 5.17
606 1 9.96 13.302 5.17
607 1 10.2 15.43 6.406
608 1 10.43 14.727 7.594
609 1 8.96 15.43 4.4
610 1 8 14.727 3.67
611 1 7.367 17.48 7.594
612 1 6.633 17.48 6.406
613 1 6.748 17.03 8.83
614 1 5.42 16.6 8.83
615 1 8.99 16.31 8.83
616 1 9.81 15.18 8.83
617 1 7.75 16.31 9.6
618 1 7.382 15.18 10.33
619 1 5.25 17.03 6.406
620 1 4.66 16.6 7.594
621 1 5.01 16.31 5.17
622 1 4.19 15.18 5.17
623 1 6.25 16.31 4.4
624 1 6.618 15.18 3.67
625 1 3.8 15.43 7.594
626 1 3.57 14.727 6.406
627 1 4.04 14.698 8.83
628 1 4.04 13.302 8.83
629 1 5.04 15.43 9.6
630 1 6 14.727 10.33
631 1 3.57 13.273 6.406
632 1 3.8 12.57 7.594
633 1 4.19 12.82 5.17
634 1 5.01 11.69 5.17
635 1 4.57 14 4.4
636 1 5.76 14 3.67
637 1 4.66 11.4 7.594
638 1 5.25 10.97 6.406
639 1 5.42 11.4 8.83
640 1 6.748 10.97 8.83
641 1 5.04 12.57 9.6
642 1 6 13.273 10.33
643 1 6.633 10.52 6.406
644 1 7.367 10.52 7.594
645 1 7.252 10.97 5.17
646 1 8.58 11.4 5.17
647 1 6.25 11.69 4.4
648 1 6.618 12.82 3.67
649 1 8.75 10.97 7.594
650 1 9.34 11.4 6.406
651 1 8.99 11.69 8.83
652 1 9.81 12.82 8.83
653 1 7.75 11.69 9.6
654 1 7.382 12.82 10.33
655 1 10.2 12.57 6.406
656 1 10.43 13.273 7.594
657 1 8.96 12.57 4.4
658 1 8 13.273 3.67
659 1 9.43 14 9.6
660 1 8.24 14 10.33
661 1 2.34 23.6 6.406
662 1 1.75 24.03 7.594
663 1 1.58 23.6 5.17
664 1 0.252 24.03 5.17
665 1 2.96 21.698 5.17
666 1 2.96 20.302 5.17
667 1 3.2 22.43 6.406
668 1 3.43 21.727 7.594
669 1 1.96 22.43 4.4
670 1 1 21.727 3.67
671 1 0.367 24.48 7.594
672 1 -0.367 24.48 6.406
673 1 -0.252 24.03 8.83
674 1 -1.58 23.6 8.83
675 1 1.99 23.31 8.83
676 1 2.81 22.18 8.83
677 1 0.75 23.31 9.6
678 1 0.382 22.18 10.33
679 1 -1.75 24.03 6.406
680 1 -2.34 23.6 7.594
681 1 -1.99 23.31 5.17
682 1 -2.81 22.18 5.17
683 1 -0.75 23.31 4.4
684 1 -0.382 22.18 3.67
685 1 -3.2 22.43 7.594
686 1 -3.43 21.727 6.406
687 1 -2.96 21.698 8.83
688 1 -2.96 20.302 8.83
689 1 -1.96 22.43 9.6
690 1 -1 21.727 10.33
691 1 -3.43 20.273 6.406
692 1 -3.2 19.57 7.594
693 1 -2.81 19.82 5.17
694 1 -1.99 18.69 5.17
695 1 -2.43 21 4.4
696 1 -1.24 21 3.67
697 1 -2.34 18.4 7.594
698 1 -1.75 17.97 6.406
699 1 -1.58 18.4 8.83
700 1 -0.252 17.97 8.83
701 1 -1.96 19.57 9.6
702 1 -1 20.273 10.33
703 1 -0.367 17.52 6.406
704 1 0.367 17.52 7.594
705 1 0.252 17.97 5.17
706 1 1.58 18.4 5.17
707 1 -0.75 18.69 4.4
708 1 -0.382 19.82 3.67
709 1 1.75 17.97 7.594
710 1 2.34 18.4 6.406
711 1 1.99 18.69 8.83
712 1 2.81 19.82 8.83
713 1 0.75 18.69 9.6
714 1 0.382 19.82 10.33
715 1 3.2 19.57 6.406
716 1 3.43 20.273 7.594
717 1 1.96 19.57 4.4
718 1 1 20.273 3.67
719 1 2.43 21 9.6
720 1 1.24 21 10.33
721 1 2.34 2.6 13.406
722 1 1.75 3.03 14.594
723 1 1.58 2.6 12.17
724 1 0.252 3.03 12.17
725 1 2.96 0.698 12.17
726 1 2.96 -0.698 12.17
727 1 3.2 1.43 13.406
728 1 3.43 0.727 14.594
729 1 1.96 1.43 11.4
730 1 1 0.727 10.67
731 1 0.367 3.48 14.594
732 1 -0.367 3.48 13.406
733 1 -0.252 3.03 15.83
734 1 -1.58 2.6 15.83
735 1 1.99 2.31 15.83
736 1 2.81 1.18 15.83
737 1 0.75 2.31 16.6
738 1 0.382 1.18 17.33
739 1 -1.75 3.03 13.406
740 1 -2.34 2.6 14.594
741 1 -1.99 2.31 12.17
742 1 -2.81 1.18 12.17
743 1 -0.75 2.31 11.4
744 1 -0.382 1.18 10.67
745 1 -3.2 1.43 14.594
746 1 -3.43 0.727 13.406
747 1 -2.96 0.698 15.83
748 1 -2.96 -0.698 15.83
749 1 -1.96 1.43 16.6
750 1 -1 0.727 17.33
751 1 -3.43 -0.727 13.406
752 1 -3.2 -1.43 14.594
753 1 -2.81 -1.18 12.17
754 1 -1.99 -2.31 12.17
755 1 -2.43 7.84e-15 11.4
756 1 -1.24 4e-15 10.67
757 1 -2.34 -2.6 14.594
758 1 -1.75 -3.03 13.406
759 1 -1.58 -2.6 15.83
760 1 -0.252 -3.03 15.83
761 1 -1.96 -1.43 16.6
762 1 -1 -0.727 17.33
763 1 -0.367 -3.48 13.406
764 1 0.367 -3.48 14.594
765 1 0.252 -3.03 12.17
766 1 1.58 -2.6 12.17
767 1 -0.75 -2.31 11.4
768 1 -0.382 -1.18 10.67
769 1 1.75 -3.03 14.594
770 1 2.34 -2.6 13.406
771 1 1.99 -2.31 15.83
772 1 2.81 -1.18 15.83
773 1 0.75 -2.31 16.6
774 1 0.382 -1.18 17.33
775 1 3.2 -1.43 13.406
776 1 3.43 -0.727 14.594
777 1 1.96 -1.43 11.4
778 1 1 -0.727 10.67
779 1 2.43 0 16.6
780 1 1.24 0 17.33
781 1 9.34 9.6 13.406
782 1 8.75 10.03 14.594
783 1 8.58 9.6 12.17
784 1 7.252 10.03 12.17
785 1 9.96 7.698 12.17
786 1 9.96 6.302 12.17
787 1 10.2 8.43 13.406
788 1 10.43 7.727 14.594
789 1 8.96 8.43 11.4
790 1 8 7.727 10.67
791 1 7.367 10.48 14.594
792 1 6.633 10.48 13.406
793 1 6.748 10.03 15.83
794 1 5.42 9.6 15.83
795 1 8.99 9.31 15.83
796 1 9.81 8.18 15.83
797 1 7.75 9.31 16.6
798 1 7.382 8.18 17.33
799 1 5.25 10.03 13.406
800 1 4.66 9.6 14.594
801 1 5.01 9.31 12.17
802 1 4.19 8.18 12.17
803 1 6.25 9.31 11.4
804 1 6.618 8.18 10.67
805 1 3.8 8.43 14.594
806 1 3.57 7.727 13.406
807 1 4.04 7.698 15.83
808 1 4.04 6.302 15.83
809 1 5.04 8.43 16.6
810 1 6 7.727 17.33
811 1 3.57 6.273 13.406
812 1 3.8 5.57 14.594
813 1 4.19 5.82 12.17
814 1 5.01 4.69 12.17
815 1 4.57 7 11.4
816 1 5.76 7 10.67
817 1 4.66 4.4 14.594
818 1 5.25 3.97 13.406
819 1 5.42 4.4 15.83
820 1 6.748 3.97 15.83
821 1 5.04 5.57 16.6
822 1 6 6.273 17.33
823 1 6.633 3.52 13.406
824 1 7.367 3.52 14.594
825 1 7.252 3.97 12.17
826 1 8.58 4.4 12.17
827 1 6.25 4.69 11.4
828 1 6.618 5.82 10.67
829 1 8.75 3.97 14.594
830 1 9.34 4.4 13.406
831 1 8.99 4.69 15.83
832 1 9.81 5.82 15.83
833 1 7.75 4.69 16.6
834 1 7.382 5.82 17.33
835 1 10.2 5.57 13.406
836 1 10.43 6.273 14.594
837 1 8.96 5.57 11.4
838 1 8 6.273 10.67
839 1 9.43 7 16.6
840 1 8.24 7 17.33
841 1 9.34 2.6 20.406
842 1 8.75 3.03 21.594
843 1 8.58 2.6 19.17
844 1 7.252 3.03 19.17
845 1 9.96 0.698 19.17
846 1 9.96 -0.698 19.17
847 1 10.2 1.43 20.406
848 1 10.43 0.727 21.594
849 1 8.96 1.43 18.4
850 1 8 0.727 17.67
851 1 7.367 3.48 21.594
852 1 6.633 3.48 20.406
853 1 6.748 3.03 22.83
854 1 5.42 2.6 22.83
855 1 8.99 2.31 22.83
856 1 9.81 1.18 22.83
857 1 7.75 2.31 23.6
858 1 7.382 1.18 24.33
859 1 5.25 3.03 20.406
860 1 4.66 2.6 21.594
861 1 5.01 2.31 19.17
862 1 4.19 1.18 19.17
863 1 6.25 2.31 18.4
864 1 6.618 1.18 17.67
865 1 3.8 1.43 21.594
866 1 3.57 0.727 20.406
867 1 4.04 0.698 22.83
868 1 4.04 -0.698 22.83
869 1 5.04 1.43 23.6
870 1 6 0.727 24.33
871 1 3.57 -0.727 20.406
872 1 3.8 -1.43 21.594
873 1 4.19 -1.18 19.17
874 1 5.01 -2.31 19.17
875 1 4.57 7.84e-15 18.4
876 1 5.76 4e-15 17.67
877 1 4.66 -2.6 21.594
878 1 5.25 -3.03 20.406
879 1 5.42 -2.6 22.83
880 1 6.748 -3.03 22.83
881 1 5.04 -1.43 23.6
882 1 6 -0.727 24.33
883 1 6.633 -3.48 20.406
884 1 7.367 -3.48 21.594
885 1 7.252 -3.03 19.17
886 1 8.58 -2.6 19.17
887 1 6.25 -2.31 18.4
888 1 6.618 -1.18 17.67
889 1 8.75 -3.03 21.594
890 1 9.34 -2.6 20.406
891 1 8.99 -2.31 22.83
892 1 9.81 -1.18 22.83
893 1 7.75 -2.31 23.6
894 1 7.382 -1.18 24.33
895 1 10.2 -1.43 20.406
896 1 10.43 -0.727 21.594
897 1 8.96 -1.43 18.4
898 1 8 -0.727 17.67
899 1 9.43 0 23.6
900 1 8.24 0 24.33
901 1 2.34 9.6 20.406
902 1 1.75 10.03 21.594
903 1 1.58 9.6 19.17
904 1 0.252 10.03 19.17
905 1 2.96 7.698 19.17
906 1 2.96 6.302 19.17
907 1 3.2 8.43 20.406
908 1 3.43 7.727 21.594
909 1 1.96 8.43 18.4
910 1 1 7.727 17.67
911 1 0.367 10.48 21.594
912 1 -0.367 10.48 20.406
913 1 -0.252 10.03 22.83
914 1 -1.58 9.6 22.83
915 1 1.99 9.31 22.83
916 1 2.81 8.18 22.83
917 1 0.75 9.31 23.6
918 1 0.382 8.18 24.33
919 1 -1.75 10.03 20.406
920 1 -2.34 9.6 21.594
921 1 -1.99 9.31 19.17
922 1 -2.81 8.18 19.17
923 1 -0.75 9.31 18.4
924 1 -0.382 8.18 17.67
925 1 -3.2 8.43 21.594
926 1 -3.43 7.727 20.406
927 1 -2.96 7.698 22.83
928 1 -2.96 6.302 22.83
929 1 -1.96 8.43 23.6
930 1 -1 7.727 24.33
931 1 -3.43 6.273 20.406
932 1 -3.2 5.57 21.594
933 1 -2.81 5.82 19.17
934 1 -1.99 4.69 19.17
935 1 -2.43 7 18.4
936 1 -1.24 7 17.67
937 1 -2.34 4.4 21.594
938 1 -1.75 3.97 20.406
939 1 -1.58 4.4 22.83
940 1 -0.252 3.97 22.83
941 1 -1.96 5.57 23.6
942 1 -1 6.273 24.33
943 1 -0.367 3.52 20.406
944 1 0.367 3.52 21.594
945 1 0.252 3.97 19.17
946 1 1.58 4.4 19.17
947 1 -0.75 4.69 18.4
948 1 -0.382 5.82 17.67
949 1 1.75 3.97 21.594
950 1 2.34 4.4 20.406
951 1 1.99 4.69 22.83
952 1 2.81 5.82 22.83
953 1 0.75 4.69 23.6
954 1 0.382 5.82 24.33
955 1 3.2 5.57 20.406
956 1 3.43 6.273 21.594
957 1 1.96 5.57 18.4
958 1 1 6.273 17.67
959 1 2.43 7 23.6
960 1 1.24 7 24.33
961 1 16.34 16.6 -0.594
962 1 15.75 17.03 0.594
963 1 15.58 16.6 -1.83
964 1 14.252 17.03 -1.83
965 1 16.96 14.698 -1.83
966 1 16.96 13.302 -1.83
967 1 17.2 15.43 -0.594
968 1 17.43 14.727 0.594
969 1 15.96 15.43 -2.6
970 1 15 14.727 -3.33
971 1 14.367 17.48 0.594
972 1 13.633 17.48 -0.594
973 1 13.748 17.03 1.83
974 1 12.42 16.6 1.83
975 1 15.99 16.31 1.83
976 1 16.81 15.18 1.83
977 1 14.75 16.31 2.6
978 1 14.382 15.18 3.33
979 1 12.25 17.03 -0.594
980 1 11.66 16.6 0.594
981 1 12.01 16.31 -1.83
982 1 11.19 15.18 -1.83
983 1 13.25 16.31 -2.6
984 1 13.618 15.18 -3.33
985 1 10.8 15.43 0.594
986 1 10.57 14.727 -0.594
987 1 11.04 14.698 1.83
988 1 11.04 13.302 1.83
989 1 12.04 15.43 2.6
990 1 13 14.727 3.33
991 1 10.57 13.273 -0.594
992 1 10.8 12.57 0.594
993 1 11.19 12.82 -1.83
994 1 12.01 11.69 -1.83
995 1 11.57 14 -2.6
996 1 12.76 14 -3.33
997 1 11.66 11.4 0.594
998 1 12.25 10.97 -0.594
999 1 12.42 11.4 1.83
1000 1 13.748 10.97 1.83
1001 1 12.04 12.57 2.6
1002 1 13 13.273 3.33
1003 1 13.633 10.52 -0.594
1004 1 14.367 10.52 0.594
1005 1 14.252 10.97 -1.83
1006 1 15.58 11.4 -1.83
1007 1 13.25 11.69 -2.6
1008 1 13.618 12.82 -3.33
1009 1 15.75 10.97 0.594
1010 1 16.34 11.4 -0.594
1011 1 15.99 11.69 1.83
1012 1 16.81 12.82 1.83
1013 1 14.75 11.69 2.6
1014 1 14.382 12.82 3.33
1015 1 17.2 12.57 -0.594
1016 1 17.43 13.273 0.594
1017 1 15.96 12.57 -2.6
1018 1 15 13.273 -3.33
1019 1 16.43 14 2.6
1020 1 15.24 14 3.33
1021 1 23.34 23.6 -0.594
1022 1 22.75 24.03 0.594
1023 1 22.58 23.6 -1.83
1024 1 21.252 24.03 -1.83
1025 1 23.96 21.698 -1.83
1026 1 23.96 20.302 -1.83
1027 1 24.2 22.43 -0.594
1028 1 24.43 21.727 0.594
1029 1 22.96 22.43 -2.6
1030 1 22 21.727 -3.33
1031 1 21.367 24.48 0.594
1032 1 20.633 24.48 -0.594
1033 1 20.748 24.03 1.83
1034 1 19.42 23.6 1.83
1035 1 22.99 23.31 1.83
1036 1 23.81 22.18 1.83
1037 1 21.75 23.31 2.6
1038 1 21.382 22.18 3.33
1039 1 19.25 24.03 -0.594
1040 1 18.66 23.6 0.594
1041 1 19.01 23.31 -1.83
1042 1 18.19 22.18 -1.83
1043 1 20.25 23.31 -2.6
1044 1 20.618 22.18 -3.33
1045 1 17.8 22.43 0.594
1046 1 17.57 21.727 -0.594
1047 1 18.04 21.698 1.83
1048 1 18.04 20.302 1.83
1049 1 19.04 22.43 2.6
1050 1 20 21.727 3.33
1051 1 17.57 20.273 -0.594
1052 1 17.8 19.57 0.594
1053 1 18.19 19.82 -1.83
1054 1 19.01 18.69 -1.83
1055 1 18.57 21 -2.6
1056 1 19.76 21 -3.33
1057 1 18.66 18.4 0.594
1058 1 19.25 17.97 -0.594
1059 1 19.42 18.4 1.83
1060 1 20.748 17.97 1.83
1061 1 19.04 19.57 2.6
1062 1 20 20.273 3.33
1063 1 20.633 17.52 -0.594
1064 1 21.367 17.52 0.594
1065 1 21.252 17.97 -1.83
1066 1 22.58 18.4 -1.83
1067 1 20.25 18.69 -2.6
1068 1 20.618 19.82 -3.33
1069 1 22.75 17.97 0.594
1070 1 23.34 18.4 -0.594
1071 1 22.99 18.69 1.83
1072 1 23.81 19.82 1.83
1073 1 21.75 18.69 2.6
1074 1 21.382 19.82 3.33
1075 1 24.2 19.57 -0.594
1076 1 24.43 20.273 0.594
1077 1 22.96 19.57 -2.6
1078 1 22 20.273 -3.33
1079 1 23.43 21 2.6
1080 1 22.24 21 3.33
1081 1 23.34 16.6 6.406
1082 1 22.75 17.03 7.594
1083 1 22.58 16.6 5.17
1084 1 21.252 17.03 5.17
1085 1 23.96 14.698 5.17
1086 1 23.96 13.302 5.17
1087 1 24.2 15.43 6.406
1088 1 24.43 14.727 7.594
1089 1 22.96 15.43 4.4
1090 1 22 14.727 3.67
1091 1 21.367 17.48 7.594
1092 1 20.633 17.48 6.406
1093 1 20.748 17.03 8.83
1094 1 19.42 16.6 8.83
1095 1 22.99 16.31 8.83
1096 1 23.81 15.18 8.83
1097 1 21.75 16.31 9.6
1098 1 21.382 15.18 10.33
1099 1 19.25 17.03 6.406
1100 1 18.66 16.6 7.594
1101 1 19.01 16.31 5.17
1102 1 18.19 15.18 5.17
1103 1 20.25 16.31 4.4
1104 1 20.618 15.18 3.67
1105 1 17.8 15.43 7.594
1106 1 17.57 14.727 6.406
1107 1 18.04 14.698 8.83
1108 1 18.04 13.302 8.83
1109 1 19.04 15.43 9.6
1110 1 20 14.727 10.33
1111 1 17.57 13.273 6.406
1112 1 17.8 12.57 7.594
1113 1 18.19 12.82 5.17
1114 1 19.01 11.69 5.17
1115 1 18.57 14 4.4
1116 1 19.76 14 3.67
1117 1 18.66 11.4 7.594
1118 1 19.25 10.97 6.406
1119 1 19.42 11.4 8.83
1120 1 20.748 10.97 8.83
1121 1 19.04 12.57 9.6
1122 1 20 13.273 10.33
1123 1 20.633 10.52 6.406
1124 1 21.367 10.52 7.594
1125 1 21.252 10.97 5.17
1126 1 22.58 11.4 5.17
1127 1 20.25 11.69 4.4
1128 1 20.618 12.82 3.67
1129 1 22.75 10.97 7.594
1130 1 23.34 11.4 6.406
1131 1 22.99 11.69 8.83
1132 1 23.81 12.82 8.83
1133 1 21.75 11.69 9.6
1134 1 21.382 12.82 10.33
1135 1 24.2 12.57 6.406
1136 1 24.43 13.273 7.594
1137 1 22.96 12.57 4.4
1138 1 22 13.273 3.67
1139 1 23.43 14 9.6
1140 1 22.24 14 10.33
1141 1 16.34 23.6 6.406
1142 1 15.75 24.03 7.594
1143 1 15.58 23.6 5.17
1144 1 14.252 24.03 5.17
1145 1 16.96 21.698 5.17
1146 1 16.96 20.302 5.17
1147 1 17.2 22.43 6.406
1148 1 17.43 21.727 7.594
1149 1 15.96 22.43 4.4
1150 1 15 21.727 3.67
1151 1 14.367 24.48 7.594
1152 1 13.633 24.48 6.406
1153 1 13.748 24.03 8.83
1154 1 12.42 23.6 8.83
1155 1 15.99 23.31 8.83
1156 1 16.81 22.18 8.83
1157 1 14.75 23.31 9.6
1158 1 14.382 22.18 10.33
1159 1 12.25 24.03 6.406
1160 1 11.66 23.6 7.594
1161 1 12.01 23.31 5.17
1162 1 11.19 22.18 5.17
1163 1 13.25 23.31 4.4
1164 1 13.618 22.18 3.67
1165 1 10.8 22.43 7.594
1166 1 10.57 21.727 6.406
1167 1 11.04 21.698 8.83
1168 1 11.04 20.302 8.83
1169 1 12.04 22.43 9.6
1170 1 13 21.727 10.33
1171 1 10.57 20.273 6.406
1172 1 10.8 19.57 7.594
1173 1 11.19 19.82 5.17
1174 1 12.01 18.69 5.17
1175 1 11.57 21 4.4
1176 1 12.76 21 3.67
1177 1 11.66 18.4 7.594
1178 1 12.25 17.97 6.406
1179 1 12.42 18.4 8.83
1180 1 13.748 17.97 8.83
1181 1 12.04 19.57 9.6
1182 1 13 20.273 10.33
1183 1 13.633 17.52 6.406
1184 1 14.367 17.52 7.594
1185 1 14.252 17.97 5.17
1186 1 15.58 18.4 5.17
1187 1 13.25 18.69 4.4
1188 1 13.618 19.82 3.67
1189 1 15.75 17.97 7.594
1190 1 16.34 18.4 6.406
1191 1 15.99 18.69 8.83
1192 1 16.81 19.82 8.83
1193 1 14.75 18.69 9.6
1194 1 14.382 19.82 10.33
1195 1 17.2 19.57 6.406
1196 1 17.43 20.273 7.594
1197 1 15.96 19.57 4.4
1198 1 15 20.273 3.67
1199 1 16.43 21 9.6
1200 1 15.24 21 10.33
1201 1 2.34 16.6 13.406
1202 1 1.75 17.03 14.594
1203 1 1.58 16.6 12.17
1204 1 0.252 17.03 12.17
1205 1 2.96 14.698 12.17
1206 1 2.96 13.302 12.17
1207 1 3.2 15.43 13.406
1208 1 3.43 14.727 14.594
1209 1 1.96 15.43 11.4
1210 1 1 14.727 10.67
1211 1 0.367 17.48 14.594
1212 1 -0.367 17.48 13.406
1213 1 -0.252 17.03 15.83
1214 1 -1.58 16.6 15.83
1215 1 1.99 16.31 15.83
1216 1 2.81 15.18 15.83
1217 1 0.75 16.31 16.6
1218 1 0.382 15.18 17.33
1219 1 -1.75 17.03 13.406
1220 1 -2.34 16.6 14.594
1221 1 -1.99 16.31 12.17
1222 1 -2.81 15.18 12.17
1223 1 -0.75 16.31 11.4
1224 1 -0.382 15.18 10.67
1225 1 -3.2 15.43 14.594
1226 1 -3.43 14.727 13.406
1227 1 -2.96 14.698 15.83
1228 1 -2.96 13.302 15.83
1229 1 -1.96 15.43 16.6
1230 1 -1 14.727 17.33
1231 1 -3.43 13.273 13.406
1232 1 -3.2 12.57 14.594
1233 1 -2.81 12.82 12.17
1234 1 -1.99 11.69 12.17
1235 1 -2.43 14 11.4
1236 1 -1.24 14 10.67
1237 1 -2.34 11.4 14.594
1238 1 -1.75 10.97 13.406
1239 1 -1.58 11.4 15.83
1240 1 -0.252 10.97 15.83
1241 1 -1.96 12.57 16.6
1242 1 -1 13.273 17.33
1243 1 -0.367 10.52 13.406
1244 1 0.367 10.52 14.594
1245 1 0.252 10.97 12.17
1246 1 1.58 11.4 12.17
1247 1 -0.75 11.69 11.4
1248 1 -0.382 12.82 10.67
1249 1 1.75 10.97 14.594
1250 1 2.34 11.4 13.406
1251 1 1.99 11.69 15.83
1252 1 2.81 12.82 15.83
1253 1 0.75 11.69 16.6
1254 1 0.382 12.82 17.33
1255 1 3.2 12.57 13.406
1256 1 3.43 13.273 14.594
1257 1 1.96 12.57 11.4
1258 1 1 13.273 10.67
1259 1 2.43 14 16.6
1260 1 1.24 14 17.33
1261 1 9.34 23.6 13.406
1262 1 8.75 24.03 14.594
1263 1 8.58 23.6 12.17
1264 1 7.252 24.03 12.17
1265 1 9.96 21.698 12.17
1266 1 9.96 20.302 12.17
1267 1 10.2 22.43 13.406
1268 1 10.43 21.727 14.594
1269 1 8.96 22.43 11.4
1270 1 8 21.727 10.67
1271 1 7.367 24.48 14.594
1272 1 6.633 24.48 13.406
1273 1 6.748 24.03 15.83
1274 1 5.42 23.6 15.83
1275 1 8.99 23.31 15.83
1276 1 9.81 22.18 15.83
1277 1 7.75 23.31 16.6
1278 1 7.382 22.18 17.33
1279 1 5.25 24.03 13.406
1280 1 4.66 23.6 14.594
1281 1 5.01 23.31 12.17
1282 1 4.19 22.18 12.17
1283 1 6.25 23.31 11.4
1284 1 6.618 22.18 10.67
1285 1 3.8 22.43 14.594
1286 1 3.57 21.727 13.406
1287 1 4.04 21.698 15.83
1288 1 4.04 20.302 15.83
1289 1 5.04 22.43 16.6
1290 1 6 21.727 17.33
1291 1 3.57 20.273 13.406
1292 1 3.8 19.57 14.594
1293 1 4.19 19.82 12.17
1294 1 5.01 18.69 12.17
1295 1 4.57 21 11.4
1296 1 5.76 21 10.67
1297 1 4.66 18.4 14.594
1298 1 5.25 17.97 13.406
1299 1 5.42 18.4 15.83
1300 1 6.748 17.97 15.83
1301 1 5.04 19.57 16.6
1302 1 6 20.273 17.33
1303 1 6.633 17.52 13.406
1304 1 7.367 17.52 14.594
1305 1 7.252 17.97 12.17
1306 1 8.58 18.4 12.17
1307 1 6.25 18.69 11.4
1308 1 6.618 19.82 10.67
1309 1 8.75 17.97 14.594
1310 1 9.34 18.4 13.406
1311 1 8.99 18.69 15.83
1312 1 9.81 19.82 15.83
1313 1 7.75 18.69 16.6
1314 1 7.382 19.82 17.33
1315 1 10.2 19.57 13.406
1316 1 10.43 20.273 14.594
1317 1 8.96 19.57 11.4
1318 1 8 20.273 10.67
1319 1 9.43 21 16.6
1320 1 8.24 21 17.33
1321 1 9.34 16.6 20.406
1322 1 8.75 17.03 21.594
1323 1 8.58 16.6 19.17
1324 1 7.252 17.03 19.17
1325 1 9.96 14.698 19.17
1326 1 9.96 13.302 19.17
1327 1 10.2 15.43 20.406
1328 1 10.43 14.727 21.594
1329 1 8.96 15.43 18.4
1330 1 8 14.727 17.67
1331 1 7.367 17.48 21.594
1332 1 6.633 17.48 20.406
1333 1 6.748 17.03 22.83
1334 1 5.42 16.6 22.83
1335 1 8.99 16.31 22.83
1336 1 9.81 15.18 22.83
1337 1 7.75 16.31 23.6
1338 1 7.382 15.18 24.33
1339 1 5.25 17.03 20.406
1340 1 4.66 16.6 21.594
1341 1 5.01 16.31 19.17
1342 1 4.19 15.18 19.17
1343 1 6.25 16.31 18.4
1344 1 6.618 15.18 17.67
1345 1 3.8 15.43 21.594
1346 1 3.57 14.727 20.406
1347 1 4.04 14.698 22.83
1348 1 4.04 13.302 22.83
1349 1 5.04 15.43 23.6
1350 1 6 14.727 24.33
1351 1 3.57 13.273 20.406
1352 1 3.8 12.57 21.594
1353 1 4.19 12.82 19.17
1354 1 5.01 11.69 19.17
1355 1 4.57 14 18.4
1356 1 5.76 14 17.67
1357 1 4.66 11.4 21.594
1358 1 5.25 10.97 20.406
1359 1 5.42 11.4 22.83
1360 1 6.748 10.97 22.83
1361 1 5.04 12.57 23.6
1362 1 6 13.273 24.33
1363 1 6.633 10.52 20.406
1364 1 7.367 10.52 21.594
1365 1 7.252 10.97 19.17
1366 1 8.58 11.4 19.17
1367 1 6.25 11.69 18.4
1368 1 6.618 12.82 17.67
1369 1 8.75 10.97 21.594
1370 1 9.34 11.4 20.406
1371 1 8.99 11.69 22.83
1372 1 9.81 12.82 22.83
1373 1 7.75 11.69 23.6
1374 1 7.382 12.82 24.33
1375 1 10.2 12.57 20.406
1376 1 10.43 13.273 21.594
1377 1 8.96 12.57 18.4
1378 1 8 13.273 17.67
1379 1 9.43 14 23.6
1380 1 8.24 14 24.33
1381 1 2.34 23.6 20.406
1382 1 1.75 24.03 21.594
1383 1 1.58 23.6 19.17
1384 1 0.252 24.03 19.17
1385 1 2.96 21.698 19.17
1386 1 2.96 20.302 19.17
1387 1 3.2 22.43 20.406
1388 1 3.43 21.727 21.594
1389 1 1.96 22.43 18.4
1390 1 1 21.727 17.67
1391 1 0.367 24.48 21.594
1392 1 -0.367 24.48 20.406
1393 1 -0.252 24.03 22.83
1394 1 -1.58 23.6 22.83
1395 1 1.99 23.31 22.83
1396 1 2.81 22.18 22.83
1397 1 0.75 23.31 23.6
1398 1 0.382 22.18 24.33
1399 1 -1.75 24.03 20.406
1400 1 -2.34 23.6 21.594
1401 1 -1.99 23.31 19.17
1402 1 -2.81 22.18 19.17
1403 1 -0.75 23.31 18.4
1404 1 -0.382 22.18 17.67
1405 1 -3.2 22.43 21.594
1406 1 -3.43 21.727 20.406
1407 1 -2.96 21.698 22.83
1408 1 -2.96 20.302 22.83
1409 1 -1.96 22.43 23.6
1410 1 -1 21.727 24.33
1411 1 -3.43 20.273 20.406
1412 1 -3.2 19.57 21.594
1413 1 -2.81 19.82 19.17
1414 1 -1.99 18.69 19.17
1415 1 -2.43 21 18.4
1416 1 -1.24 21 17.67
1417 1 -2.34 18.4 21.594
1418 1 -1.75 17.97 20.406
1419 1 -1.58 18.4 22.83
1420 1 -0.252 17.97 22.83
1421 1 -1.96 19.57 23.6
1422 1 -1 20.273 24.33
1423 1 -0.367 17.52 20.406
1424 1 0.367 17.52 21.594
1425 1 0.252 17.97 19.17
1426 1 1.58 18.4 19.17
1427 1 -0.75 18.69 18.4
1428 1 -0.382 19.82 17.67
1429 1 1.75 17.97 21.594
1430 1 2.34 18.4 20.406
1431 1 1.99 18.69 22.83
1432 1 2.81 19.82 22.83
1433 1 0.75 18.69 23.6
1434 1 0.382 19.82 24.33
1435 1 3.2 19.57 20.406
1436 1 3.43 20.273 21.594
1437 1 1.96 19.57 18.4
1438 1 1 20.273 17.67
1439 1 2.43 21 23.6
1440 1 1.24 21 24.33
1441 1 16.34 2.6 13.406
1442 1 15.75 3.03 14.594
1443 1 15.58 2.6 12.17
1444 1 14.252 3.03 12.17
1445 1 16.96 0.698 12.17
1446 1 16.96 -0.698 12.17
1447 1 17.2 1.43 13.406
1448 1 17.43 0.727 14.594
1449 1 15.96 1.43 11.4
1450 1 15 0.727 10.67
1451 1 14.367 3.48 14.594
1452 1 13.633 3.48 13.406
1453 1 13.748 3.03 15.83
1454 1 12.42 2.6 15.83
1455 1 15.99 2.31 15.83
1456 1 16.81 1.18 15.83
1457 1 14.75 2.31 16.6
1458 1 14.382 1.18 17.33
1459 1 12.25 3.03 13.406
1460 1 11.66 2.6 14.594
1461 1 12.01 2.31 12.17
1462 1 11.19 1.18 12.17
1463 1 13.25 2.31 11.4
1464 1 13.618 1.18 10.67
1465 1 10.8 1.43 14.594
1466 1 10.57 0.727 13.406
1467 1 11.04 0.698 15.83
1468 1 11.04 -0.698 15.83
1469 1 12.04 1.43 16.6
1470 1 13 0.727 17.33
1471 1 10.57 -0.727 13.406
1472 1 10.8 -1.43 14.594
1473 1 11.19 -1.18 12.17
1474 1 12.01 -2.31 12.17
1475 1 11.57 7.84e-15 11.4
1476 1 12.76 4e-15 10.67
1477 1 11.66 -2.6 14.594
1478 1 12.25 -3.03 13.406
1479 1 12.42 -2.6 15.83
1480 1 13.748 -3.03 15.83
1481 1 12.04 -1.43 16.6
1482 1 13 -0.727 17.33
1483 1 13.633 -3.48 13.406
1484 1 14.367 -3.48 14.594
1485 1 14.252 -3.03 12.17
1486 1 15.58 -2.6 12.17
1487 1 13.25 -2.31 11.4
1488 1 13.618 -1.18 10.67
1489 1 15.75 -3.03 14.594
1490 1 16.34 -2.6 13.406
1491 1 15.99 -2.31 15.83
1492 1 16.81 -1.18 15.83
1493 1 14.75 -2.31 16.6
1494 1 14.382 -1.18 17.33
1495 1 17.2 -1.43 13.406
1496 1 17.43 -0.727 14.594
1497 1 15.96 -1.43 11.4
1498 1 15 -0.727 10.67
1499 1 16.43 0 16.6
1500 1 15.24 0 17.33
1501 1 23.34 9.6 13.406
1502 1 22.75 10.03 14.594
1503 1 22.58 9.6 12.17
1504 1 21.252 10.03 12.17
1505 1 23.96 7.698 12.17
1506 1 23.96 6.302 12.17
1507 1 24.2 8.43 13.406
1508 1 24.43 7.727 14.594
1509 1 22.96 8.43 11.4
1510 1 22 7.727 10.67
1511 1 21.367 10.48 14.594
1512 1 20.633 10.48 13.406
1513 1 20.748 10.03 15.83
1514 1 19.42 9.6 15.83
1515 1 22.99 9.31 15.83
1516 1 23.81 8.18 15.83
1517 1 21.75 9.31 16.6
1518 1 21.382 8.18 17.33
1519 1 19.25 10.03 13.406
1520 1 18.66 9.6 14.594
1521 1 19.01 9.31 12.17
1522 1 18.19 8.18 12.17
1523 1 20.25 9.31 11.4
1524 1 20.618 8.18 10.67
1525 1 17.8 8.43 14.594
1526 1 17.57 7.727 13.406
1527 1 18.04 7.698 15.83
1528 1 18.04 6.302 15.83
1529 1 19.04 8.43 16.6
1530 1 20 7.727 17.33
1531 1 17.57 6.273 13.406
1532 1 17.8 5.57 14.594
1533 1 18.19 5.82 12.17
1534 1 19.01 4.69 12.17
1535 1 18.57 7 11.4
1536 1 19.76 7 10.67
1537 1 18.66 4.4 14.594
1538 1 19.25 3.97 13.406
1539 1 19.42 4.4 15.83
1540 1 20.748 3.97 15.83
1541 1 19.04 5.57 16.6
1542 1 20 6.273 17.33
1543 1 20.633 3.52 13.406
1544 1 21.367 3.52 14.594
1545 1 21.252 3.97 12.17
1546 1 22.58 4.4 12.17
1547 1 20.25 4.69 11.4
1548 1 20.618 5.82 10.67
1549 1 22.75 3.97 14.594
1550 1 23.34 4.4 13.406
1551 1 22.99 4.69 15.83
1552 1 23.81 5.82 15.83
1553 1 21.75 4.69 16.6
1554 1 21.382 5.82 17.33
1555 1 24.2 5.57 13.406
1556 1 24.43 6.273 14.594
1557 1 22.96 5.57 11.4
1558 1 22 6.273 10.67
1559 1 23.43 7 16.6
1560 1 22.24 7 17.33
1561 1 23.34 2.6 20.406
1562 1 22.75 3.03 21.594
1563 1 22.58 2.6 19.17
1564 1 21.252 3.03 19.17
1565 1 23.96 0.698 19.17
1566 1 23.96 -0.698 19.17
1567 1 24.2 1.43 20.406
1568 1 24.43 0.727 21.594
1569 1 22.96 1.43 18.4
1570 1 22 0.727 17.67
1571 1 21.367 3.48 21.594
1572 1 20.633 3.48 20.406
1573 1 20.748 3.03 22.83
1574 1 19.42 2.6 22.83
1575 1 22.99 2.31 22.83
1576 1 23.81 1.18 22.83
1577 1 21.75 2.31 23.6
1578 1 21.382 1.18 24.33
1579 1 19.25 3.03 20.406
1580 1 18.66 2.6 21.594
1581 1 19.01 2.31 19.17
1582 1 18.19 1.18 19.17
1583 1 20.25 2.31 18.4
1584 1 20.618 1.18 17.67
1585 1 17.8 1.43 21.594
1586 1 17.57 0.727 20.406
1587 1 18.04 0.698 22.83
1588 1 18.04 -0.698 22.83
1589 1 19.04 1.43 23.6
1590 1 20 0.727 24.33
1591 1 17.57 -0.727 20.406
1592 1 17.8 -1.43 21.594
1593 1 18.19 -1.18 19.17
1594 1 19.01 -2.31 19.17
1595 1 18.57 7.84e-15 18.4
1596 1 19.76 4e-15 17.67
1597 1 18.66 -2.6 21.594
1598 1 19.25 -3.03 20.406
1599 1 19.42 -2.6 22.83
1600 1 20.748 -3.03 22.83
1601 1 19.04 -1.43 23.6
1602 1 20 -0.727 24.33
1603 1 20.633 -3.48 20.406
1604 1 21.367 -3.48 21.594
1605 1 21.252 -3.03 19.17
1606 1 22.58 -2.6 19.17
1607 1 20.25 -2.31 18.4
1608 1 20.618 -1.18 17.67
1609 1 22.75 -3.03 21.594
1610 1 23.34 -2.6 20.406
1611 1 22.99 -2.31 22.83
1612 1 23.81 -1.18 22.83
1613 1 21.75 -2.31 23.6
1614 1 21.382 -1.18 24.33
1615 1 24.2 -1.43 20.406
1616 1 24.43 -0.727 21.594
1617 1 22.96 -1.43 18.4
1618 1 22 -0.727 17.67
1619 1 23.43 0 23.6
1620 1 22.24 0 24.33
1621 1 16.34 9.6 20.406
1622 1 15.75 10.03 21.594
1623 1 15.58 9.6 19.17
1624 1 14.252 10.03 19.17
1625 1 16.96 7.698 19.17
1626 1 16.96 6.302 19.17
1627 1 17.2 8.43 20.406
1628 1 17.43 7.727 21.594
1629 1 15.96 8.43 18.4
1630 1 15 7.727 17.67
1631 1 14.367 10.48 21.594
1632 1 13.633 10.48 20.406
1633 1 13.748 10.03 22.83
1634 1 12.42 9.6 22.83
1635 1 15.99 9.31 22.83
1636 1 16.81 8.18 22.83
1637 1 14.75 9.31 23.6
1638 1 14.382 8.18 24.33
1639 1 12.25 10.03 20.406
1640 1 11.66 9.6 21.594
1641 1 12.01 9.31 19.17
1642 1 11.19 8.18 19.17
1643 1 13.25 9.31 18.4
1644 1 13.618 8.18 17.67
1645 1 10.8 8.43 21.594
1646 1 10.57 7.727 20.406
1647 1 11.04 7.698 22.83
1648 1 11.04 6.302 22.83
1649 1 12.04 8.43 23.6
1650 1 13 7.727 24.33
1651 1 10.57 6.273 20.406
1652 1 10.8 5.57 21.594
1653 1 11.19 5.82 19.17
1654 1 12.01 4.69 19.17
1655 1 11.57 7 18.4
1656 1 12.76 7 17.67
1657 1 11.66 4.4 21.594
1658 1 12.25 3.97 20.406
1659 1 12.42 4.4 22.83
1660 1 13.748 3.97 22.83
1661 1 12.04 5.57 23.6
1662 1 13 6.273 24.33
1663 1 13.633 3.52 20.406
1664 1 14.367 3.52 21.594
1665 1 14.252 3.97 19.17
1666 1 15.58 4.4 19.17
1667 1 13.25 4.69 18.4
1668 1 13.618 5.82 17.67
1669 1 15.75 3.97 21.594
1670 1 16.34 4.4 20.406
1671 1 15.99 4.69 22.83
1672 1 16.81 5.82 22.83
1673 1 14.75 4.69 23.6
1674 1 14.382 5.82 24.33
1675 1 17.2 5.57 20.406
1676 1 17.43 6.273 21.594
1677 1 15.96 5.57 18.4
1678 1 15 6.273 17.67
1679 1 16.43 7 23.6
1680 1 15.24 7 24.33
1681 1 16.34 16.6 13.406
1682 1 15.75 17.03 14.594
1683 1 15.58 16.6 12.17
1684 1 14.252 17.03 12.17
1685 1 16.96 14.698 12.17
1686 1 16.96 13.302 12.17
1687 1 17.2 15.43 13.406
1688 1 17.43 14.727 14.594
1689 1 15.96 15.43 11.4
1690 1 15 14.727 10.67
1691 1 14.367 17.48 14.594
1692 1 13.633 17.48 13.406
1693 1 13.748 17.03 15.83
1694 1 12.42 16.6 15.83
1695 1 15.99 16.31 15.83
1696 1 16.81 15.18 15.83
1697 1 14.75 16.31 16.6
1698 1 14.382 15.18 17.33
1699 1 12.25 17.03 13.406
1700 1 11.66 16.6 14.594
1701 1 12.01 16.31 12.17
1702 1 11.19 15.18 12.17
1703 1 13.25 16.31 11.4
1704 1 13.618 15.18 10.67
1705 1 10.8 15.43 14.594
1706 1 10.57 14.727 13.406
1707 1 11.04 14.698 15.83
1708 1 11.04 13.302 15.83
1709 1 12.04 15.43 16.6
1710 1 13 14.727 17.33
1711 1 10.57 13.273 13.406
1712 1 10.8 12.57 14.594
1713 1 11.19 12.82 12.17
1714 1 12.01 11.69 12.17
1715 1 11.57 14 11.4
1716 1 12.76 14 10.67
1717 1 11.66 11.4 14.594
1718 1 12.25 10.97 13.406
1719 1 12.42 11.4 15.83
1720 1 13.748 10.97 15.83
1721 1 12.04 12.57 16.6
1722 1 13 13.273 17.33
1723 1 13.633 10.52 13.406
1724 1 14.367 10.52 14.594
1725 1 14.252 10.97 12.17
1726 1 15.58 11.4 12.17
1727 1 13.25 11.69 11.4
1728 1 13.618 12.82 10.67
1729 1 15.75 10.97 14.594
1730 1 16.34 11.4 13.406
1731 1 15.99 11.69 15.83
1732 1 16.81 12.82 15.83
1733 1 14.75 11.69 16.6
1734 1 14.382 12.82 17.33
1735 1 17.2 12.57 13.406
1736 1 17.43 13.273 14.594
1737 1 15.96 12.57 11.4
1738 1 15 13.273 10.67
1739 1 16.43 14 16.6
1740 1 15.24 14 17.33
1741 1 23.34 23.6 13.406
1742 1 22.75 24.03 14.594
1743 1 22.58 23.6 12.17
1744 1 21.252 24.03 12.17
1745 1 23.96 21.698 12.17
1746 1 23.96 20.302 12.17
1747 1 24.2 22.43 13.406
1748 1 24.43 21.727 14.594
1749 1 22.96 22.43 11.4
1750 1 22 21.727 10.67
1751 1 21.367 24.48 14.594
1752 1 20.633 24.48 13.406
1753 1 20.748 24.03 15.83
1754 1 19.42 23.6 15.83
1755 1 22.99 23.31 15.83
1756 1 23.81 22.18 15.83
1757 1 21.75 23.31 16.6
1758 1 21.382 22.18 17.33
1759 1 19.25 24.03 13.406
1760 1 18.66 23.6 14.594
1761 1 19.01 23.31 12.17
1762 1 18.19 22.18 12.17
1763 1 20.25 23.31 11.4
1764 1 20.618 22.18 10.67
1765 1 17.8 22.43 14.594
1766 1 17.57 21.727 13.406
1767 1 18.04 21.698 15.83
1768 1 18.04 20.302 15.83
1769 1 19.04 22.43 16.6
1770 1 20 21.727 17.33
1771 1 17.57 20.273 13.406
1772 1 17.8 19.57 14.594
1773 1 18.19 19.82 12.17
1774 1 19.01 18.69 12.17
1775 1 18.57 21 11.4
1776 1 19.76 21 10.67
1777 1 18.66 18.4 14.594
1778 1 19.25 17.97 13.406
1779 1 19.42 18.4 15.83
1780 1 20.748 17.97 15.83
1781 1 19.04 19.57 16.6
1782 1 20 20.273 17.33
1783 1 20.633 17.52 13.406
1784 1 21.367 17.52 14.594
1785 1 21.252 17.97 12.17
1786 1 22.58 18.4 12.17
1787 1 20.25 18.69 11.4
1788 1 20.618 19.82 10.67
1789 1 22.75 17.97 14.594
1790 1 23.34 18.4 13.406
1791 1 22.99 18.69 15.83
1792 1 23.81 19.82 15.83
1793 1 21.75 18.69 16.6
1794 1 21.382 19.82 17.33
1795 1 24.2 19.57 13.406
1796 1 24.43 20.273 14.594
1797 1 22.96 19.57 11.4
1798 1 22 20.273 10.67
1799 1 23.43 21 16.6
1800 1 22.24 21 17.33
1801 1 23.34 16.6 20.406
1802 1 22.75 17.03 21.594
1803 1 22.58 16.6 19.17
1804 1 21.252 17.03 19.17
1805 1 23.96 14.698 19.17
1806 1 23.96 13.302 19.17
1807 1 24.2 15.43 20.406
1808 1 24.43 14.727 21.594
1809 1 22.96 15.43 18.4
1810 1 22 14.727 17.67
1811 1 21.367 17.48 21.594
1812 1 20.633 17.48 20.406
1813 1 20.748 17.03 22.83
1814 1 19.42 16.6 22.83
1815 1 22.99 16.31 22.83
1816 1 23.81 15.18 22.83
1817 1 21.75 16.31 23.6
1818 1 21.382 15.18 24.33
1819 1 19.25 17.03 20.406
1820 1 18.66 16.6 21.594
1821 1 19.01 16.31 19.17
1822 1 18.19 15.18 19.17
1823 1 20.25 16.31 18.4
1824 1 20.618 15.18 17.67
1825 1 17.8 15.43 21.594
1826 1 17.57 14.727 20.406
1827 1 18.04 14.698 22.83
1828 1 18.04 13.302 22.83
1829 1 19.04 15.43 23.6
1830 1 20 14.727 24.33
1831 1 17.57 13.273 20.406
1832 1 17.8 12.57 21.594
1833 1 18.19 12.82 19.17
1834 1 19.01 11.69 19.17
1835 1 18.57 14 18.4
1836 1 19.76 14 17.67
1837 1 18.66 11.4 21.594
1838 1 19.25 10.97 20.406
1839 1 19.42 11.4 22.83
1840 1 20.748 10.97 22.83
1841 1 19.04 12.57 23.6
1842 1 20 13.273 24.33
1843 1 20.633 10.52 20.406
1844 1 21.367 10.52 21.594
1845 1 21.252 10.97 19.17
1846 1 22.58 11.4 19.17
1847 1 20.25 11.69 18.4
1848 1 20.618 12.82 17.67
1849 1 22.75 10.97 21.594
1850 1 23.34 11.4 20.406
1851 1 22.99 11.69 22.83
1852 1 23.81 12.82 22.83
1853 1 21.75 11.69 23.6
1854 1 21.382 12.82 24.33
1855 1 24.2 12.57 20.406
1856 1 24.43 13.273 21.594
1857 1 22.96 12.57 18.4
1858 1 22 13.273 17.67
1859 1 23.43 14 23.6
1860 1 22.24 14 24.33
1861 1 16.34 23.6 20.406
1862 1 15.75 24.03 21.594
1863 1 15.58 23.6 19.17
1864 1 14.252 24.03 19.17
1865 1 16.96 21.698 19.17
1866 1 16.96 20.302 19.17
1867 1 17.2 22.43 20.406
1868 1 17.43 21.727 21.594
1869 1 15.96 22.43 18.4
1870 1 15 21.727 17.67
1871 1 14.367 24.48 21.594
1872 1 13.633 24.48 20.406
1873 1 13.748 24.03 22.83
1874 1 12.42 23.6 22.83
1875 1 15.99 23.31 22.83
1876 1 16.81 22.18 22.83
1877 1 14.75 23.31 23.6
1878 1 14.382 22.18 24.33
1879 1 12.25 24.03 20.406
1880 1 11.66 23.6 21.594
1881 1 12.01 23.31 19.17
1882 1 11.19 22.18 19.17
1883 1 13.25 23.31 18.4
1884 1 13.618 22.18 17.67
1885 1 10.8 22.43 21.594
1886 1 10.57 21.727 20.406
1887 1 11.04 21.698 22.83
1888 1 11.04 20.302 22.83
1889 1 12.04 22.43 23.6
1890 1 13 21.727 24.33
1891 1 10.57 20.273 20.406
1892 1 10.8 19.57 21.594
1893 1 11.19 19.82 19.17
1894 1 12.01 18.69 19.17
1895 1 11.57 21 18.4
1896 1 12.76 21 17.67
1897 1 11.66 18.4 21.594
1898 1 12.25 17.97 20.406
1899 1 12.42 18.4 22.83
1900 1 13.748 17.97 22.83
1901 1 12.04 19.57 23.6
1902 1 13 20.273 24.33
1903 1 13.633 17.52 20.406
1904 1 14.367 17.52 21.594
1905 1 14.252 17.97 19.17
1906 1 15.58 18.4 19.17
1907 1 13.25 18.69 18.4
1908 1 13.618 19.82 17.67
1909 1 15.75 17.97 21.594
1910 1 16.34 18.4 20.406
1911 1 15.99 18.69 22.83
1912 1 16.81 19.82 22.83
1913 1 14.75 18.69 23.6
1914 1 14.382 19.82 24.33
1915 1 17.2 19.57 20.406
1916 1 17.43 20.273 21.594
1917 1 15.96 19.57 18.4
1918 1 15 20.273 17.67
1919 1 16.43 21 23.6
1920 1 15.24 21 24.33
1920 1920 28 28 28
1 1 2.34 2.6 -0.594
2 1 1.75 3.03 0.594
3 1 1.58 2.6 -1.83
4 1 0.252 3.03 -1.83
5 1 2.96 0.698 -1.83
6 1 2.96 -0.698 -1.83
7 1 3.2 1.43 -0.594
8 1 3.43 0.727 0.594
9 1 1.96 1.43 -2.6
10 1 1 0.727 -3.33
11 1 0.367 3.48 0.594
12 1 -0.367 3.48 -0.594
13 1 -0.252 3.03 1.83
14 1 -1.58 2.6 1.83
15 1 1.99 2.31 1.83
16 1 2.81 1.18 1.83
17 1 0.75 2.31 2.6
18 1 0.382 1.18 3.33
19 1 -1.75 3.03 -0.594
20 1 -2.34 2.6 0.594
21 1 -1.99 2.31 -1.83
22 1 -2.81 1.18 -1.83
23 1 -0.75 2.31 -2.6
24 1 -0.382 1.18 -3.33
25 1 -3.2 1.43 0.594
26 1 -3.43 0.727 -0.594
27 1 -2.96 0.698 1.83
28 1 -2.96 -0.698 1.83
29 1 -1.96 1.43 2.6
30 1 -1 0.727 3.33
31 1 -3.43 -0.727 -0.594
32 1 -3.2 -1.43 0.594
33 1 -2.81 -1.18 -1.83
34 1 -1.99 -2.31 -1.83
35 1 -2.43 7.84e-15 -2.6
36 1 -1.24 4e-15 -3.33
37 1 -2.34 -2.6 0.594
38 1 -1.75 -3.03 -0.594
39 1 -1.58 -2.6 1.83
40 1 -0.252 -3.03 1.83
41 1 -1.96 -1.43 2.6
42 1 -1 -0.727 3.33
43 1 -0.367 -3.48 -0.594
44 1 0.367 -3.48 0.594
45 1 0.252 -3.03 -1.83
46 1 1.58 -2.6 -1.83
47 1 -0.75 -2.31 -2.6
48 1 -0.382 -1.18 -3.33
49 1 1.75 -3.03 0.594
50 1 2.34 -2.6 -0.594
51 1 1.99 -2.31 1.83
52 1 2.81 -1.18 1.83
53 1 0.75 -2.31 2.6
54 1 0.382 -1.18 3.33
55 1 3.2 -1.43 -0.594
56 1 3.43 -0.727 0.594
57 1 1.96 -1.43 -2.6
58 1 1 -0.727 -3.33
59 1 2.43 0 2.6
60 1 1.24 0 3.33
61 1 9.34 9.6 -0.594
62 1 8.75 10.03 0.594
63 1 8.58 9.6 -1.83
64 1 7.252 10.03 -1.83
65 1 9.96 7.698 -1.83
66 1 9.96 6.302 -1.83
67 1 10.2 8.43 -0.594
68 1 10.43 7.727 0.594
69 1 8.96 8.43 -2.6
70 1 8 7.727 -3.33
71 1 7.367 10.48 0.594
72 1 6.633 10.48 -0.594
73 1 6.748 10.03 1.83
74 1 5.42 9.6 1.83
75 1 8.99 9.31 1.83
76 1 9.81 8.18 1.83
77 1 7.75 9.31 2.6
78 1 7.382 8.18 3.33
79 1 5.25 10.03 -0.594
80 1 4.66 9.6 0.594
81 1 5.01 9.31 -1.83
82 1 4.19 8.18 -1.83
83 1 6.25 9.31 -2.6
84 1 6.618 8.18 -3.33
85 1 3.8 8.43 0.594
86 1 3.57 7.727 -0.594
87 1 4.04 7.698 1.83
88 1 4.04 6.302 1.83
89 1 5.04 8.43 2.6
90 1 6 7.727 3.33
91 1 3.57 6.273 -0.594
92 1 3.8 5.57 0.594
93 1 4.19 5.82 -1.83
94 1 5.01 4.69 -1.83
95 1 4.57 7 -2.6
96 1 5.76 7 -3.33
97 1 4.66 4.4 0.594
98 1 5.25 3.97 -0.594
99 1 5.42 4.4 1.83
100 1 6.748 3.97 1.83
101 1 5.04 5.57 2.6
102 1 6 6.273 3.33
103 1 6.633 3.52 -0.594
104 1 7.367 3.52 0.594
105 1 7.252 3.97 -1.83
106 1 8.58 4.4 -1.83
107 1 6.25 4.69 -2.6
108 1 6.618 5.82 -3.33
109 1 8.75 3.97 0.594
110 1 9.34 4.4 -0.594
111 1 8.99 4.69 1.83
112 1 9.81 5.82 1.83
113 1 7.75 4.69 2.6
114 1 7.382 5.82 3.33
115 1 10.2 5.57 -0.594
116 1 10.43 6.273 0.594
117 1 8.96 5.57 -2.6
118 1 8 6.273 -3.33
119 1 9.43 7 2.6
120 1 8.24 7 3.33
121 1 9.34 2.6 6.406
122 1 8.75 3.03 7.594
123 1 8.58 2.6 5.17
124 1 7.252 3.03 5.17
125 1 9.96 0.698 5.17
126 1 9.96 -0.698 5.17
127 1 10.2 1.43 6.406
128 1 10.43 0.727 7.594
129 1 8.96 1.43 4.4
130 1 8 0.727 3.67
131 1 7.367 3.48 7.594
132 1 6.633 3.48 6.406
133 1 6.748 3.03 8.83
134 1 5.42 2.6 8.83
135 1 8.99 2.31 8.83
136 1 9.81 1.18 8.83
137 1 7.75 2.31 9.6
138 1 7.382 1.18 10.33
139 1 5.25 3.03 6.406
140 1 4.66 2.6 7.594
141 1 5.01 2.31 5.17
142 1 4.19 1.18 5.17
143 1 6.25 2.31 4.4
144 1 6.618 1.18 3.67
145 1 3.8 1.43 7.594
146 1 3.57 0.727 6.406
147 1 4.04 0.698 8.83
148 1 4.04 -0.698 8.83
149 1 5.04 1.43 9.6
150 1 6 0.727 10.33
151 1 3.57 -0.727 6.406
152 1 3.8 -1.43 7.594
153 1 4.19 -1.18 5.17
154 1 5.01 -2.31 5.17
155 1 4.57 7.84e-15 4.4
156 1 5.76 4e-15 3.67
157 1 4.66 -2.6 7.594
158 1 5.25 -3.03 6.406
159 1 5.42 -2.6 8.83
160 1 6.748 -3.03 8.83
161 1 5.04 -1.43 9.6
162 1 6 -0.727 10.33
163 1 6.633 -3.48 6.406
164 1 7.367 -3.48 7.594
165 1 7.252 -3.03 5.17
166 1 8.58 -2.6 5.17
167 1 6.25 -2.31 4.4
168 1 6.618 -1.18 3.67
169 1 8.75 -3.03 7.594
170 1 9.34 -2.6 6.406
171 1 8.99 -2.31 8.83
172 1 9.81 -1.18 8.83
173 1 7.75 -2.31 9.6
174 1 7.382 -1.18 10.33
175 1 10.2 -1.43 6.406
176 1 10.43 -0.727 7.594
177 1 8.96 -1.43 4.4
178 1 8 -0.727 3.67
179 1 9.43 0 9.6
180 1 8.24 0 10.33
181 1 2.34 9.6 6.406
182 1 1.75 10.03 7.594
183 1 1.58 9.6 5.17
184 1 0.252 10.03 5.17
185 1 2.96 7.698 5.17
186 1 2.96 6.302 5.17
187 1 3.2 8.43 6.406
188 1 3.43 7.727 7.594
189 1 1.96 8.43 4.4
190 1 1 7.727 3.67
191 1 0.367 10.48 7.594
192 1 -0.367 10.48 6.406
193 1 -0.252 10.03 8.83
194 1 -1.58 9.6 8.83
195 1 1.99 9.31 8.83
196 1 2.81 8.18 8.83
197 1 0.75 9.31 9.6
198 1 0.382 8.18 10.33
199 1 -1.75 10.03 6.406
200 1 -2.34 9.6 7.594
201 1 -1.99 9.31 5.17
202 1 -2.81 8.18 5.17
203 1 -0.75 9.31 4.4
204 1 -0.382 8.18 3.67
205 1 -3.2 8.43 7.594
206 1 -3.43 7.727 6.406
207 1 -2.96 7.698 8.83
208 1 -2.96 6.302 8.83
209 1 -1.96 8.43 9.6
210 1 -1 7.727 10.33
211 1 -3.43 6.273 6.406
212 1 -3.2 5.57 7.594
213 1 -2.81 5.82 5.17
214 1 -1.99 4.69 5.17
215 1 -2.43 7 4.4
216 1 -1.24 7 3.67
217 1 -2.34 4.4 7.594
218 1 -1.75 3.97 6.406
219 1 -1.58 4.4 8.83
220 1 -0.252 3.97 8.83
221 1 -1.96 5.57 9.6
222 1 -1 6.273 10.33
223 1 -0.367 3.52 6.406
224 1 0.367 3.52 7.594
225 1 0.252 3.97 5.17
226 1 1.58 4.4 5.17
227 1 -0.75 4.69 4.4
228 1 -0.382 5.82 3.67
229 1 1.75 3.97 7.594
230 1 2.34 4.4 6.406
231 1 1.99 4.69 8.83
232 1 2.81 5.82 8.83
233 1 0.75 4.69 9.6
234 1 0.382 5.82 10.33
235 1 3.2 5.57 6.406
236 1 3.43 6.273 7.594
237 1 1.96 5.57 4.4
238 1 1 6.273 3.67
239 1 2.43 7 9.6
240 1 1.24 7 10.33
241 1 16.34 2.6 -0.594
242 1 15.75 3.03 0.594
243 1 15.58 2.6 -1.83
244 1 14.252 3.03 -1.83
245 1 16.96 0.698 -1.83
246 1 16.96 -0.698 -1.83
247 1 17.2 1.43 -0.594
248 1 17.43 0.727 0.594
249 1 15.96 1.43 -2.6
250 1 15 0.727 -3.33
251 1 14.367 3.48 0.594
252 1 13.633 3.48 -0.594
253 1 13.748 3.03 1.83
254 1 12.42 2.6 1.83
255 1 15.99 2.31 1.83
256 1 16.81 1.18 1.83
257 1 14.75 2.31 2.6
258 1 14.382 1.18 3.33
259 1 12.25 3.03 -0.594
260 1 11.66 2.6 0.594
261 1 12.01 2.31 -1.83
262 1 11.19 1.18 -1.83
263 1 13.25 2.31 -2.6
264 1 13.618 1.18 -3.33
265 1 10.8 1.43 0.594
266 1 10.57 0.727 -0.594
267 1 11.04 0.698 1.83
268 1 11.04 -0.698 1.83
269 1 12.04 1.43 2.6
270 1 13 0.727 3.33
271 1 10.57 -0.727 -0.594
272 1 10.8 -1.43 0.594
273 1 11.19 -1.18 -1.83
274 1 12.01 -2.31 -1.83
275 1 11.57 7.84e-15 -2.6
276 1 12.76 4e-15 -3.33
277 1 11.66 -2.6 0.594
278 1 12.25 -3.03 -0.594
279 1 12.42 -2.6 1.83
280 1 13.748 -3.03 1.83
281 1 12.04 -1.43 2.6
282 1 13 -0.727 3.33
283 1 13.633 -3.48 -0.594
284 1 14.367 -3.48 0.594
285 1 14.252 -3.03 -1.83
286 1 15.58 -2.6 -1.83
287 1 13.25 -2.31 -2.6
288 1 13.618 -1.18 -3.33
289 1 15.75 -3.03 0.594
290 1 16.34 -2.6 -0.594
291 1 15.99 -2.31 1.83
292 1 16.81 -1.18 1.83
293 1 14.75 -2.31 2.6
294 1 14.382 -1.18 3.33
295 1 17.2 -1.43 -0.594
296 1 17.43 -0.727 0.594
297 1 15.96 -1.43 -2.6
298 1 15 -0.727 -3.33
299 1 16.43 0 2.6
300 1 15.24 0 3.33
301 1 23.34 9.6 -0.594
302 1 22.75 10.03 0.594
303 1 22.58 9.6 -1.83
304 1 21.252 10.03 -1.83
305 1 23.96 7.698 -1.83
306 1 23.96 6.302 -1.83
307 1 24.2 8.43 -0.594
308 1 24.43 7.727 0.594
309 1 22.96 8.43 -2.6
310 1 22 7.727 -3.33
311 1 21.367 10.48 0.594
312 1 20.633 10.48 -0.594
313 1 20.748 10.03 1.83
314 1 19.42 9.6 1.83
315 1 22.99 9.31 1.83
316 1 23.81 8.18 1.83
317 1 21.75 9.31 2.6
318 1 21.382 8.18 3.33
319 1 19.25 10.03 -0.594
320 1 18.66 9.6 0.594
321 1 19.01 9.31 -1.83
322 1 18.19 8.18 -1.83
323 1 20.25 9.31 -2.6
324 1 20.618 8.18 -3.33
325 1 17.8 8.43 0.594
326 1 17.57 7.727 -0.594
327 1 18.04 7.698 1.83
328 1 18.04 6.302 1.83
329 1 19.04 8.43 2.6
330 1 20 7.727 3.33
331 1 17.57 6.273 -0.594
332 1 17.8 5.57 0.594
333 1 18.19 5.82 -1.83
334 1 19.01 4.69 -1.83
335 1 18.57 7 -2.6
336 1 19.76 7 -3.33
337 1 18.66 4.4 0.594
338 1 19.25 3.97 -0.594
339 1 19.42 4.4 1.83
340 1 20.748 3.97 1.83
341 1 19.04 5.57 2.6
342 1 20 6.273 3.33
343 1 20.633 3.52 -0.594
344 1 21.367 3.52 0.594
345 1 21.252 3.97 -1.83
346 1 22.58 4.4 -1.83
347 1 20.25 4.69 -2.6
348 1 20.618 5.82 -3.33
349 1 22.75 3.97 0.594
350 1 23.34 4.4 -0.594
351 1 22.99 4.69 1.83
352 1 23.81 5.82 1.83
353 1 21.75 4.69 2.6
354 1 21.382 5.82 3.33
355 1 24.2 5.57 -0.594
356 1 24.43 6.273 0.594
357 1 22.96 5.57 -2.6
358 1 22 6.273 -3.33
359 1 23.43 7 2.6
360 1 22.24 7 3.33
361 1 23.34 2.6 6.406
362 1 22.75 3.03 7.594
363 1 22.58 2.6 5.17
364 1 21.252 3.03 5.17
365 1 23.96 0.698 5.17
366 1 23.96 -0.698 5.17
367 1 24.2 1.43 6.406
368 1 24.43 0.727 7.594
369 1 22.96 1.43 4.4
370 1 22 0.727 3.67
371 1 21.367 3.48 7.594
372 1 20.633 3.48 6.406
373 1 20.748 3.03 8.83
374 1 19.42 2.6 8.83
375 1 22.99 2.31 8.83
376 1 23.81 1.18 8.83
377 1 21.75 2.31 9.6
378 1 21.382 1.18 10.33
379 1 19.25 3.03 6.406
380 1 18.66 2.6 7.594
381 1 19.01 2.31 5.17
382 1 18.19 1.18 5.17
383 1 20.25 2.31 4.4
384 1 20.618 1.18 3.67
385 1 17.8 1.43 7.594
386 1 17.57 0.727 6.406
387 1 18.04 0.698 8.83
388 1 18.04 -0.698 8.83
389 1 19.04 1.43 9.6
390 1 20 0.727 10.33
391 1 17.57 -0.727 6.406
392 1 17.8 -1.43 7.594
393 1 18.19 -1.18 5.17
394 1 19.01 -2.31 5.17
395 1 18.57 7.84e-15 4.4
396 1 19.76 4e-15 3.67
397 1 18.66 -2.6 7.594
398 1 19.25 -3.03 6.406
399 1 19.42 -2.6 8.83
400 1 20.748 -3.03 8.83
401 1 19.04 -1.43 9.6
402 1 20 -0.727 10.33
403 1 20.633 -3.48 6.406
404 1 21.367 -3.48 7.594
405 1 21.252 -3.03 5.17
406 1 22.58 -2.6 5.17
407 1 20.25 -2.31 4.4
408 1 20.618 -1.18 3.67
409 1 22.75 -3.03 7.594
410 1 23.34 -2.6 6.406
411 1 22.99 -2.31 8.83
412 1 23.81 -1.18 8.83
413 1 21.75 -2.31 9.6
414 1 21.382 -1.18 10.33
415 1 24.2 -1.43 6.406
416 1 24.43 -0.727 7.594
417 1 22.96 -1.43 4.4
418 1 22 -0.727 3.67
419 1 23.43 0 9.6
420 1 22.24 0 10.33
421 1 16.34 9.6 6.406
422 1 15.75 10.03 7.594
423 1 15.58 9.6 5.17
424 1 14.252 10.03 5.17
425 1 16.96 7.698 5.17
426 1 16.96 6.302 5.17
427 1 17.2 8.43 6.406
428 1 17.43 7.727 7.594
429 1 15.96 8.43 4.4
430 1 15 7.727 3.67
431 1 14.367 10.48 7.594
432 1 13.633 10.48 6.406
433 1 13.748 10.03 8.83
434 1 12.42 9.6 8.83
435 1 15.99 9.31 8.83
436 1 16.81 8.18 8.83
437 1 14.75 9.31 9.6
438 1 14.382 8.18 10.33
439 1 12.25 10.03 6.406
440 1 11.66 9.6 7.594
441 1 12.01 9.31 5.17
442 1 11.19 8.18 5.17
443 1 13.25 9.31 4.4
444 1 13.618 8.18 3.67
445 1 10.8 8.43 7.594
446 1 10.57 7.727 6.406
447 1 11.04 7.698 8.83
448 1 11.04 6.302 8.83
449 1 12.04 8.43 9.6
450 1 13 7.727 10.33
451 1 10.57 6.273 6.406
452 1 10.8 5.57 7.594
453 1 11.19 5.82 5.17
454 1 12.01 4.69 5.17
455 1 11.57 7 4.4
456 1 12.76 7 3.67
457 1 11.66 4.4 7.594
458 1 12.25 3.97 6.406
459 1 12.42 4.4 8.83
460 1 13.748 3.97 8.83
461 1 12.04 5.57 9.6
462 1 13 6.273 10.33
463 1 13.633 3.52 6.406
464 1 14.367 3.52 7.594
465 1 14.252 3.97 5.17
466 1 15.58 4.4 5.17
467 1 13.25 4.69 4.4
468 1 13.618 5.82 3.67
469 1 15.75 3.97 7.594
470 1 16.34 4.4 6.406
471 1 15.99 4.69 8.83
472 1 16.81 5.82 8.83
473 1 14.75 4.69 9.6
474 1 14.382 5.82 10.33
475 1 17.2 5.57 6.406
476 1 17.43 6.273 7.594
477 1 15.96 5.57 4.4
478 1 15 6.273 3.67
479 1 16.43 7 9.6
480 1 15.24 7 10.33
481 1 2.34 16.6 -0.594
482 1 1.75 17.03 0.594
483 1 1.58 16.6 -1.83
484 1 0.252 17.03 -1.83
485 1 2.96 14.698 -1.83
486 1 2.96 13.302 -1.83
487 1 3.2 15.43 -0.594
488 1 3.43 14.727 0.594
489 1 1.96 15.43 -2.6
490 1 1 14.727 -3.33
491 1 0.367 17.48 0.594
492 1 -0.367 17.48 -0.594
493 1 -0.252 17.03 1.83
494 1 -1.58 16.6 1.83
495 1 1.99 16.31 1.83
496 1 2.81 15.18 1.83
497 1 0.75 16.31 2.6
498 1 0.382 15.18 3.33
499 1 -1.75 17.03 -0.594
500 1 -2.34 16.6 0.594
501 1 -1.99 16.31 -1.83
502 1 -2.81 15.18 -1.83
503 1 -0.75 16.31 -2.6
504 1 -0.382 15.18 -3.33
505 1 -3.2 15.43 0.594
506 1 -3.43 14.727 -0.594
507 1 -2.96 14.698 1.83
508 1 -2.96 13.302 1.83
509 1 -1.96 15.43 2.6
510 1 -1 14.727 3.33
511 1 -3.43 13.273 -0.594
512 1 -3.2 12.57 0.594
513 1 -2.81 12.82 -1.83
514 1 -1.99 11.69 -1.83
515 1 -2.43 14 -2.6
516 1 -1.24 14 -3.33
517 1 -2.34 11.4 0.594
518 1 -1.75 10.97 -0.594
519 1 -1.58 11.4 1.83
520 1 -0.252 10.97 1.83
521 1 -1.96 12.57 2.6
522 1 -1 13.273 3.33
523 1 -0.367 10.52 -0.594
524 1 0.367 10.52 0.594
525 1 0.252 10.97 -1.83
526 1 1.58 11.4 -1.83
527 1 -0.75 11.69 -2.6
528 1 -0.382 12.82 -3.33
529 1 1.75 10.97 0.594
530 1 2.34 11.4 -0.594
531 1 1.99 11.69 1.83
532 1 2.81 12.82 1.83
533 1 0.75 11.69 2.6
534 1 0.382 12.82 3.33
535 1 3.2 12.57 -0.594
536 1 3.43 13.273 0.594
537 1 1.96 12.57 -2.6
538 1 1 13.273 -3.33
539 1 2.43 14 2.6
540 1 1.24 14 3.33
541 1 9.34 23.6 -0.594
542 1 8.75 24.03 0.594
543 1 8.58 23.6 -1.83
544 1 7.252 24.03 -1.83
545 1 9.96 21.698 -1.83
546 1 9.96 20.302 -1.83
547 1 10.2 22.43 -0.594
548 1 10.43 21.727 0.594
549 1 8.96 22.43 -2.6
550 1 8 21.727 -3.33
551 1 7.367 24.48 0.594
552 1 6.633 24.48 -0.594
553 1 6.748 24.03 1.83
554 1 5.42 23.6 1.83
555 1 8.99 23.31 1.83
556 1 9.81 22.18 1.83
557 1 7.75 23.31 2.6
558 1 7.382 22.18 3.33
559 1 5.25 24.03 -0.594
560 1 4.66 23.6 0.594
561 1 5.01 23.31 -1.83
562 1 4.19 22.18 -1.83
563 1 6.25 23.31 -2.6
564 1 6.618 22.18 -3.33
565 1 3.8 22.43 0.594
566 1 3.57 21.727 -0.594
567 1 4.04 21.698 1.83
568 1 4.04 20.302 1.83
569 1 5.04 22.43 2.6
570 1 6 21.727 3.33
571 1 3.57 20.273 -0.594
572 1 3.8 19.57 0.594
573 1 4.19 19.82 -1.83
574 1 5.01 18.69 -1.83
575 1 4.57 21 -2.6
576 1 5.76 21 -3.33
577 1 4.66 18.4 0.594
578 1 5.25 17.97 -0.594
579 1 5.42 18.4 1.83
580 1 6.748 17.97 1.83
581 1 5.04 19.57 2.6
582 1 6 20.273 3.33
583 1 6.633 17.52 -0.594
584 1 7.367 17.52 0.594
585 1 7.252 17.97 -1.83
586 1 8.58 18.4 -1.83
587 1 6.25 18.69 -2.6
588 1 6.618 19.82 -3.33
589 1 8.75 17.97 0.594
590 1 9.34 18.4 -0.594
591 1 8.99 18.69 1.83
592 1 9.81 19.82 1.83
593 1 7.75 18.69 2.6
594 1 7.382 19.82 3.33
595 1 10.2 19.57 -0.594
596 1 10.43 20.273 0.594
597 1 8.96 19.57 -2.6
598 1 8 20.273 -3.33
599 1 9.43 21 2.6
600 1 8.24 21 3.33
601 1 9.34 16.6 6.406
602 1 8.75 17.03 7.594
603 1 8.58 16.6 5.17
604 1 7.252 17.03 5.17
605 1 9.96 14.698 5.17
606 1 9.96 13.302 5.17
607 1 10.2 15.43 6.406
608 1 10.43 14.727 7.594
609 1 8.96 15.43 4.4
610 1 8 14.727 3.67
611 1 7.367 17.48 7.594
612 1 6.633 17.48 6.406
613 1 6.748 17.03 8.83
614 1 5.42 16.6 8.83
615 1 8.99 16.31 8.83
616 1 9.81 15.18 8.83
617 1 7.75 16.31 9.6
618 1 7.382 15.18 10.33
619 1 5.25 17.03 6.406
620 1 4.66 16.6 7.594
621 1 5.01 16.31 5.17
622 1 4.19 15.18 5.17
623 1 6.25 16.31 4.4
624 1 6.618 15.18 3.67
625 1 3.8 15.43 7.594
626 1 3.57 14.727 6.406
627 1 4.04 14.698 8.83
628 1 4.04 13.302 8.83
629 1 5.04 15.43 9.6
630 1 6 14.727 10.33
631 1 3.57 13.273 6.406
632 1 3.8 12.57 7.594
633 1 4.19 12.82 5.17
634 1 5.01 11.69 5.17
635 1 4.57 14 4.4
636 1 5.76 14 3.67
637 1 4.66 11.4 7.594
638 1 5.25 10.97 6.406
639 1 5.42 11.4 8.83
640 1 6.748 10.97 8.83
641 1 5.04 12.57 9.6
642 1 6 13.273 10.33
643 1 6.633 10.52 6.406
644 1 7.367 10.52 7.594
645 1 7.252 10.97 5.17
646 1 8.58 11.4 5.17
647 1 6.25 11.69 4.4
648 1 6.618 12.82 3.67
649 1 8.75 10.97 7.594
650 1 9.34 11.4 6.406
651 1 8.99 11.69 8.83
652 1 9.81 12.82 8.83
653 1 7.75 11.69 9.6
654 1 7.382 12.82 10.33
655 1 10.2 12.57 6.406
656 1 10.43 13.273 7.594
657 1 8.96 12.57 4.4
658 1 8 13.273 3.67
659 1 9.43 14 9.6
660 1 8.24 14 10.33
661 1 2.34 23.6 6.406
662 1 1.75 24.03 7.594
663 1 1.58 23.6 5.17
664 1 0.252 24.03 5.17
665 1 2.96 21.698 5.17
666 1 2.96 20.302 5.17
667 1 3.2 22.43 6.406
668 1 3.43 21.727 7.594
669 1 1.96 22.43 4.4
670 1 1 21.727 3.67
671 1 0.367 24.48 7.594
672 1 -0.367 24.48 6.406
673 1 -0.252 24.03 8.83
674 1 -1.58 23.6 8.83
675 1 1.99 23.31 8.83
676 1 2.81 22.18 8.83
677 1 0.75 23.31 9.6
678 1 0.382 22.18 10.33
679 1 -1.75 24.03 6.406
680 1 -2.34 23.6 7.594
681 1 -1.99 23.31 5.17
682 1 -2.81 22.18 5.17
683 1 -0.75 23.31 4.4
684 1 -0.382 22.18 3.67
685 1 -3.2 22.43 7.594
686 1 -3.43 21.727 6.406
687 1 -2.96 21.698 8.83
688 1 -2.96 20.302 8.83
689 1 -1.96 22.43 9.6
690 1 -1 21.727 10.33
691 1 -3.43 20.273 6.406
692 1 -3.2 19.57 7.594
693 1 -2.81 19.82 5.17
694 1 -1.99 18.69 5.17
695 1 -2.43 21 4.4
696 1 -1.24 21 3.67
697 1 -2.34 18.4 7.594
698 1 -1.75 17.97 6.406
699 1 -1.58 18.4 8.83
700 1 -0.252 17.97 8.83
701 1 -1.96 19.57 9.6
702 1 -1 20.273 10.33
703 1 -0.367 17.52 6.406
704 1 0.367 17.52 7.594
705 1 0.252 17.97 5.17
706 1 1.58 18.4 5.17
707 1 -0.75 18.69 4.4
708 1 -0.382 19.82 3.67
709 1 1.75 17.97 7.594
710 1 2.34 18.4 6.406
711 1 1.99 18.69 8.83
712 1 2.81 19.82 8.83
713 1 0.75 18.69 9.6
714 1 0.382 19.82 10.33
715 1 3.2 19.57 6.406
716 1 3.43 20.273 7.594
717 1 1.96 19.57 4.4
718 1 1 20.273 3.67
719 1 2.43 21 9.6
720 1 1.24 21 10.33
721 1 2.34 2.6 13.406
722 1 1.75 3.03 14.594
723 1 1.58 2.6 12.17
724 1 0.252 3.03 12.17
725 1 2.96 0.698 12.17
726 1 2.96 -0.698 12.17
727 1 3.2 1.43 13.406
728 1 3.43 0.727 14.594
729 1 1.96 1.43 11.4
730 1 1 0.727 10.67
731 1 0.367 3.48 14.594
732 1 -0.367 3.48 13.406
733 1 -0.252 3.03 15.83
734 1 -1.58 2.6 15.83
735 1 1.99 2.31 15.83
736 1 2.81 1.18 15.83
737 1 0.75 2.31 16.6
738 1 0.382 1.18 17.33
739 1 -1.75 3.03 13.406
740 1 -2.34 2.6 14.594
741 1 -1.99 2.31 12.17
742 1 -2.81 1.18 12.17
743 1 -0.75 2.31 11.4
744 1 -0.382 1.18 10.67
745 1 -3.2 1.43 14.594
746 1 -3.43 0.727 13.406
747 1 -2.96 0.698 15.83
748 1 -2.96 -0.698 15.83
749 1 -1.96 1.43 16.6
750 1 -1 0.727 17.33
751 1 -3.43 -0.727 13.406
752 1 -3.2 -1.43 14.594
753 1 -2.81 -1.18 12.17
754 1 -1.99 -2.31 12.17
755 1 -2.43 7.84e-15 11.4
756 1 -1.24 4e-15 10.67
757 1 -2.34 -2.6 14.594
758 1 -1.75 -3.03 13.406
759 1 -1.58 -2.6 15.83
760 1 -0.252 -3.03 15.83
761 1 -1.96 -1.43 16.6
762 1 -1 -0.727 17.33
763 1 -0.367 -3.48 13.406
764 1 0.367 -3.48 14.594
765 1 0.252 -3.03 12.17
766 1 1.58 -2.6 12.17
767 1 -0.75 -2.31 11.4
768 1 -0.382 -1.18 10.67
769 1 1.75 -3.03 14.594
770 1 2.34 -2.6 13.406
771 1 1.99 -2.31 15.83
772 1 2.81 -1.18 15.83
773 1 0.75 -2.31 16.6
774 1 0.382 -1.18 17.33
775 1 3.2 -1.43 13.406
776 1 3.43 -0.727 14.594
777 1 1.96 -1.43 11.4
778 1 1 -0.727 10.67
779 1 2.43 0 16.6
780 1 1.24 0 17.33
781 1 9.34 9.6 13.406
782 1 8.75 10.03 14.594
783 1 8.58 9.6 12.17
784 1 7.252 10.03 12.17
785 1 9.96 7.698 12.17
786 1 9.96 6.302 12.17
787 1 10.2 8.43 13.406
788 1 10.43 7.727 14.594
789 1 8.96 8.43 11.4
790 1 8 7.727 10.67
791 1 7.367 10.48 14.594
792 1 6.633 10.48 13.406
793 1 6.748 10.03 15.83
794 1 5.42 9.6 15.83
795 1 8.99 9.31 15.83
796 1 9.81 8.18 15.83
797 1 7.75 9.31 16.6
798 1 7.382 8.18 17.33
799 1 5.25 10.03 13.406
800 1 4.66 9.6 14.594
801 1 5.01 9.31 12.17
802 1 4.19 8.18 12.17
803 1 6.25 9.31 11.4
804 1 6.618 8.18 10.67
805 1 3.8 8.43 14.594
806 1 3.57 7.727 13.406
807 1 4.04 7.698 15.83
808 1 4.04 6.302 15.83
809 1 5.04 8.43 16.6
810 1 6 7.727 17.33
811 1 3.57 6.273 13.406
812 1 3.8 5.57 14.594
813 1 4.19 5.82 12.17
814 1 5.01 4.69 12.17
815 1 4.57 7 11.4
816 1 5.76 7 10.67
817 1 4.66 4.4 14.594
818 1 5.25 3.97 13.406
819 1 5.42 4.4 15.83
820 1 6.748 3.97 15.83
821 1 5.04 5.57 16.6
822 1 6 6.273 17.33
823 1 6.633 3.52 13.406
824 1 7.367 3.52 14.594
825 1 7.252 3.97 12.17
826 1 8.58 4.4 12.17
827 1 6.25 4.69 11.4
828 1 6.618 5.82 10.67
829 1 8.75 3.97 14.594
830 1 9.34 4.4 13.406
831 1 8.99 4.69 15.83
832 1 9.81 5.82 15.83
833 1 7.75 4.69 16.6
834 1 7.382 5.82 17.33
835 1 10.2 5.57 13.406
836 1 10.43 6.273 14.594
837 1 8.96 5.57 11.4
838 1 8 6.273 10.67
839 1 9.43 7 16.6
840 1 8.24 7 17.33
841 1 9.34 2.6 20.406
842 1 8.75 3.03 21.594
843 1 8.58 2.6 19.17
844 1 7.252 3.03 19.17
845 1 9.96 0.698 19.17
846 1 9.96 -0.698 19.17
847 1 10.2 1.43 20.406
848 1 10.43 0.727 21.594
849 1 8.96 1.43 18.4
850 1 8 0.727 17.67
851 1 7.367 3.48 21.594
852 1 6.633 3.48 20.406
853 1 6.748 3.03 22.83
854 1 5.42 2.6 22.83
855 1 8.99 2.31 22.83
856 1 9.81 1.18 22.83
857 1 7.75 2.31 23.6
858 1 7.382 1.18 24.33
859 1 5.25 3.03 20.406
860 1 4.66 2.6 21.594
861 1 5.01 2.31 19.17
862 1 4.19 1.18 19.17
863 1 6.25 2.31 18.4
864 1 6.618 1.18 17.67
865 1 3.8 1.43 21.594
866 1 3.57 0.727 20.406
867 1 4.04 0.698 22.83
868 1 4.04 -0.698 22.83
869 1 5.04 1.43 23.6
870 1 6 0.727 24.33
871 1 3.57 -0.727 20.406
872 1 3.8 -1.43 21.594
873 1 4.19 -1.18 19.17
874 1 5.01 -2.31 19.17
875 1 4.57 7.84e-15 18.4
876 1 5.76 4e-15 17.67
877 1 4.66 -2.6 21.594
878 1 5.25 -3.03 20.406
879 1 5.42 -2.6 22.83
880 1 6.748 -3.03 22.83
881 1 5.04 -1.43 23.6
882 1 6 -0.727 24.33
883 1 6.633 -3.48 20.406
884 1 7.367 -3.48 21.594
885 1 7.252 -3.03 19.17
886 1 8.58 -2.6 19.17
887 1 6.25 -2.31 18.4
888 1 6.618 -1.18 17.67
889 1 8.75 -3.03 21.594
890 1 9.34 -2.6 20.406
891 1 8.99 -2.31 22.83
892 1 9.81 -1.18 22.83
893 1 7.75 -2.31 23.6
894 1 7.382 -1.18 24.33
895 1 10.2 -1.43 20.406
896 1 10.43 -0.727 21.594
897 1 8.96 -1.43 18.4
898 1 8 -0.727 17.67
899 1 9.43 0 23.6
900 1 8.24 0 24.33
901 1 2.34 9.6 20.406
902 1 1.75 10.03 21.594
903 1 1.58 9.6 19.17
904 1 0.252 10.03 19.17
905 1 2.96 7.698 19.17
906 1 2.96 6.302 19.17
907 1 3.2 8.43 20.406
908 1 3.43 7.727 21.594
909 1 1.96 8.43 18.4
910 1 1 7.727 17.67
911 1 0.367 10.48 21.594
912 1 -0.367 10.48 20.406
913 1 -0.252 10.03 22.83
914 1 -1.58 9.6 22.83
915 1 1.99 9.31 22.83
916 1 2.81 8.18 22.83
917 1 0.75 9.31 23.6
918 1 0.382 8.18 24.33
919 1 -1.75 10.03 20.406
920 1 -2.34 9.6 21.594
921 1 -1.99 9.31 19.17
922 1 -2.81 8.18 19.17
923 1 -0.75 9.31 18.4
924 1 -0.382 8.18 17.67
925 1 -3.2 8.43 21.594
926 1 -3.43 7.727 20.406
927 1 -2.96 7.698 22.83
928 1 -2.96 6.302 22.83
929 1 -1.96 8.43 23.6
930 1 -1 7.727 24.33
931 1 -3.43 6.273 20.406
932 1 -3.2 5.57 21.594
933 1 -2.81 5.82 19.17
934 1 -1.99 4.69 19.17
935 1 -2.43 7 18.4
936 1 -1.24 7 17.67
937 1 -2.34 4.4 21.594
938 1 -1.75 3.97 20.406
939 1 -1.58 4.4 22.83
940 1 -0.252 3.97 22.83
941 1 -1.96 5.57 23.6
942 1 -1 6.273 24.33
943 1 -0.367 3.52 20.406
944 1 0.367 3.52 21.594
945 1 0.252 3.97 19.17
946 1 1.58 4.4 19.17
947 1 -0.75 4.69 18.4
948 1 -0.382 5.82 17.67
949 1 1.75 3.97 21.594
950 1 2.34 4.4 20.406
951 1 1.99 4.69 22.83
952 1 2.81 5.82 22.83
953 1 0.75 4.69 23.6
954 1 0.382 5.82 24.33
955 1 3.2 5.57 20.406
956 1 3.43 6.273 21.594
957 1 1.96 5.57 18.4
958 1 1 6.273 17.67
959 1 2.43 7 23.6
960 1 1.24 7 24.33
961 1 16.34 16.6 -0.594
962 1 15.75 17.03 0.594
963 1 15.58 16.6 -1.83
964 1 14.252 17.03 -1.83
965 1 16.96 14.698 -1.83
966 1 16.96 13.302 -1.83
967 1 17.2 15.43 -0.594
968 1 17.43 14.727 0.594
969 1 15.96 15.43 -2.6
970 1 15 14.727 -3.33
971 1 14.367 17.48 0.594
972 1 13.633 17.48 -0.594
973 1 13.748 17.03 1.83
974 1 12.42 16.6 1.83
975 1 15.99 16.31 1.83
976 1 16.81 15.18 1.83
977 1 14.75 16.31 2.6
978 1 14.382 15.18 3.33
979 1 12.25 17.03 -0.594
980 1 11.66 16.6 0.594
981 1 12.01 16.31 -1.83
982 1 11.19 15.18 -1.83
983 1 13.25 16.31 -2.6
984 1 13.618 15.18 -3.33
985 1 10.8 15.43 0.594
986 1 10.57 14.727 -0.594
987 1 11.04 14.698 1.83
988 1 11.04 13.302 1.83
989 1 12.04 15.43 2.6
990 1 13 14.727 3.33
991 1 10.57 13.273 -0.594
992 1 10.8 12.57 0.594
993 1 11.19 12.82 -1.83
994 1 12.01 11.69 -1.83
995 1 11.57 14 -2.6
996 1 12.76 14 -3.33
997 1 11.66 11.4 0.594
998 1 12.25 10.97 -0.594
999 1 12.42 11.4 1.83
1000 1 13.748 10.97 1.83
1001 1 12.04 12.57 2.6
1002 1 13 13.273 3.33
1003 1 13.633 10.52 -0.594
1004 1 14.367 10.52 0.594
1005 1 14.252 10.97 -1.83
1006 1 15.58 11.4 -1.83
1007 1 13.25 11.69 -2.6
1008 1 13.618 12.82 -3.33
1009 1 15.75 10.97 0.594
1010 1 16.34 11.4 -0.594
1011 1 15.99 11.69 1.83
1012 1 16.81 12.82 1.83
1013 1 14.75 11.69 2.6
1014 1 14.382 12.82 3.33
1015 1 17.2 12.57 -0.594
1016 1 17.43 13.273 0.594
1017 1 15.96 12.57 -2.6
1018 1 15 13.273 -3.33
1019 1 16.43 14 2.6
1020 1 15.24 14 3.33
1021 1 23.34 23.6 -0.594
1022 1 22.75 24.03 0.594
1023 1 22.58 23.6 -1.83
1024 1 21.252 24.03 -1.83
1025 1 23.96 21.698 -1.83
1026 1 23.96 20.302 -1.83
1027 1 24.2 22.43 -0.594
1028 1 24.43 21.727 0.594
1029 1 22.96 22.43 -2.6
1030 1 22 21.727 -3.33
1031 1 21.367 24.48 0.594
1032 1 20.633 24.48 -0.594
1033 1 20.748 24.03 1.83
1034 1 19.42 23.6 1.83
1035 1 22.99 23.31 1.83
1036 1 23.81 22.18 1.83
1037 1 21.75 23.31 2.6
1038 1 21.382 22.18 3.33
1039 1 19.25 24.03 -0.594
1040 1 18.66 23.6 0.594
1041 1 19.01 23.31 -1.83
1042 1 18.19 22.18 -1.83
1043 1 20.25 23.31 -2.6
1044 1 20.618 22.18 -3.33
1045 1 17.8 22.43 0.594
1046 1 17.57 21.727 -0.594
1047 1 18.04 21.698 1.83
1048 1 18.04 20.302 1.83
1049 1 19.04 22.43 2.6
1050 1 20 21.727 3.33
1051 1 17.57 20.273 -0.594
1052 1 17.8 19.57 0.594
1053 1 18.19 19.82 -1.83
1054 1 19.01 18.69 -1.83
1055 1 18.57 21 -2.6
1056 1 19.76 21 -3.33
1057 1 18.66 18.4 0.594
1058 1 19.25 17.97 -0.594
1059 1 19.42 18.4 1.83
1060 1 20.748 17.97 1.83
1061 1 19.04 19.57 2.6
1062 1 20 20.273 3.33
1063 1 20.633 17.52 -0.594
1064 1 21.367 17.52 0.594
1065 1 21.252 17.97 -1.83
1066 1 22.58 18.4 -1.83
1067 1 20.25 18.69 -2.6
1068 1 20.618 19.82 -3.33
1069 1 22.75 17.97 0.594
1070 1 23.34 18.4 -0.594
1071 1 22.99 18.69 1.83
1072 1 23.81 19.82 1.83
1073 1 21.75 18.69 2.6
1074 1 21.382 19.82 3.33
1075 1 24.2 19.57 -0.594
1076 1 24.43 20.273 0.594
1077 1 22.96 19.57 -2.6
1078 1 22 20.273 -3.33
1079 1 23.43 21 2.6
1080 1 22.24 21 3.33
1081 1 23.34 16.6 6.406
1082 1 22.75 17.03 7.594
1083 1 22.58 16.6 5.17
1084 1 21.252 17.03 5.17
1085 1 23.96 14.698 5.17
1086 1 23.96 13.302 5.17
1087 1 24.2 15.43 6.406
1088 1 24.43 14.727 7.594
1089 1 22.96 15.43 4.4
1090 1 22 14.727 3.67
1091 1 21.367 17.48 7.594
1092 1 20.633 17.48 6.406
1093 1 20.748 17.03 8.83
1094 1 19.42 16.6 8.83
1095 1 22.99 16.31 8.83
1096 1 23.81 15.18 8.83
1097 1 21.75 16.31 9.6
1098 1 21.382 15.18 10.33
1099 1 19.25 17.03 6.406
1100 1 18.66 16.6 7.594
1101 1 19.01 16.31 5.17
1102 1 18.19 15.18 5.17
1103 1 20.25 16.31 4.4
1104 1 20.618 15.18 3.67
1105 1 17.8 15.43 7.594
1106 1 17.57 14.727 6.406
1107 1 18.04 14.698 8.83
1108 1 18.04 13.302 8.83
1109 1 19.04 15.43 9.6
1110 1 20 14.727 10.33
1111 1 17.57 13.273 6.406
1112 1 17.8 12.57 7.594
1113 1 18.19 12.82 5.17
1114 1 19.01 11.69 5.17
1115 1 18.57 14 4.4
1116 1 19.76 14 3.67
1117 1 18.66 11.4 7.594
1118 1 19.25 10.97 6.406
1119 1 19.42 11.4 8.83
1120 1 20.748 10.97 8.83
1121 1 19.04 12.57 9.6
1122 1 20 13.273 10.33
1123 1 20.633 10.52 6.406
1124 1 21.367 10.52 7.594
1125 1 21.252 10.97 5.17
1126 1 22.58 11.4 5.17
1127 1 20.25 11.69 4.4
1128 1 20.618 12.82 3.67
1129 1 22.75 10.97 7.594
1130 1 23.34 11.4 6.406
1131 1 22.99 11.69 8.83
1132 1 23.81 12.82 8.83
1133 1 21.75 11.69 9.6
1134 1 21.382 12.82 10.33
1135 1 24.2 12.57 6.406
1136 1 24.43 13.273 7.594
1137 1 22.96 12.57 4.4
1138 1 22 13.273 3.67
1139 1 23.43 14 9.6
1140 1 22.24 14 10.33
1141 1 16.34 23.6 6.406
1142 1 15.75 24.03 7.594
1143 1 15.58 23.6 5.17
1144 1 14.252 24.03 5.17
1145 1 16.96 21.698 5.17
1146 1 16.96 20.302 5.17
1147 1 17.2 22.43 6.406
1148 1 17.43 21.727 7.594
1149 1 15.96 22.43 4.4
1150 1 15 21.727 3.67
1151 1 14.367 24.48 7.594
1152 1 13.633 24.48 6.406
1153 1 13.748 24.03 8.83
1154 1 12.42 23.6 8.83
1155 1 15.99 23.31 8.83
1156 1 16.81 22.18 8.83
1157 1 14.75 23.31 9.6
1158 1 14.382 22.18 10.33
1159 1 12.25 24.03 6.406
1160 1 11.66 23.6 7.594
1161 1 12.01 23.31 5.17
1162 1 11.19 22.18 5.17
1163 1 13.25 23.31 4.4
1164 1 13.618 22.18 3.67
1165 1 10.8 22.43 7.594
1166 1 10.57 21.727 6.406
1167 1 11.04 21.698 8.83
1168 1 11.04 20.302 8.83
1169 1 12.04 22.43 9.6
1170 1 13 21.727 10.33
1171 1 10.57 20.273 6.406
1172 1 10.8 19.57 7.594
1173 1 11.19 19.82 5.17
1174 1 12.01 18.69 5.17
1175 1 11.57 21 4.4
1176 1 12.76 21 3.67
1177 1 11.66 18.4 7.594
1178 1 12.25 17.97 6.406
1179 1 12.42 18.4 8.83
1180 1 13.748 17.97 8.83
1181 1 12.04 19.57 9.6
1182 1 13 20.273 10.33
1183 1 13.633 17.52 6.406
1184 1 14.367 17.52 7.594
1185 1 14.252 17.97 5.17
1186 1 15.58 18.4 5.17
1187 1 13.25 18.69 4.4
1188 1 13.618 19.82 3.67
1189 1 15.75 17.97 7.594
1190 1 16.34 18.4 6.406
1191 1 15.99 18.69 8.83
1192 1 16.81 19.82 8.83
1193 1 14.75 18.69 9.6
1194 1 14.382 19.82 10.33
1195 1 17.2 19.57 6.406
1196 1 17.43 20.273 7.594
1197 1 15.96 19.57 4.4
1198 1 15 20.273 3.67
1199 1 16.43 21 9.6
1200 1 15.24 21 10.33
1201 1 2.34 16.6 13.406
1202 1 1.75 17.03 14.594
1203 1 1.58 16.6 12.17
1204 1 0.252 17.03 12.17
1205 1 2.96 14.698 12.17
1206 1 2.96 13.302 12.17
1207 1 3.2 15.43 13.406
1208 1 3.43 14.727 14.594
1209 1 1.96 15.43 11.4
1210 1 1 14.727 10.67
1211 1 0.367 17.48 14.594
1212 1 -0.367 17.48 13.406
1213 1 -0.252 17.03 15.83
1214 1 -1.58 16.6 15.83
1215 1 1.99 16.31 15.83
1216 1 2.81 15.18 15.83
1217 1 0.75 16.31 16.6
1218 1 0.382 15.18 17.33
1219 1 -1.75 17.03 13.406
1220 1 -2.34 16.6 14.594
1221 1 -1.99 16.31 12.17
1222 1 -2.81 15.18 12.17
1223 1 -0.75 16.31 11.4
1224 1 -0.382 15.18 10.67
1225 1 -3.2 15.43 14.594
1226 1 -3.43 14.727 13.406
1227 1 -2.96 14.698 15.83
1228 1 -2.96 13.302 15.83
1229 1 -1.96 15.43 16.6
1230 1 -1 14.727 17.33
1231 1 -3.43 13.273 13.406
1232 1 -3.2 12.57 14.594
1233 1 -2.81 12.82 12.17
1234 1 -1.99 11.69 12.17
1235 1 -2.43 14 11.4
1236 1 -1.24 14 10.67
1237 1 -2.34 11.4 14.594
1238 1 -1.75 10.97 13.406
1239 1 -1.58 11.4 15.83
1240 1 -0.252 10.97 15.83
1241 1 -1.96 12.57 16.6
1242 1 -1 13.273 17.33
1243 1 -0.367 10.52 13.406
1244 1 0.367 10.52 14.594
1245 1 0.252 10.97 12.17
1246 1 1.58 11.4 12.17
1247 1 -0.75 11.69 11.4
1248 1 -0.382 12.82 10.67
1249 1 1.75 10.97 14.594
1250 1 2.34 11.4 13.406
1251 1 1.99 11.69 15.83
1252 1 2.81 12.82 15.83
1253 1 0.75 11.69 16.6
1254 1 0.382 12.82 17.33
1255 1 3.2 12.57 13.406
1256 1 3.43 13.273 14.594
1257 1 1.96 12.57 11.4
1258 1 1 13.273 10.67
1259 1 2.43 14 16.6
1260 1 1.24 14 17.33
1261 1 9.34 23.6 13.406
1262 1 8.75 24.03 14.594
1263 1 8.58 23.6 12.17
1264 1 7.252 24.03 12.17
1265 1 9.96 21.698 12.17
1266 1 9.96 20.302 12.17
1267 1 10.2 22.43 13.406
1268 1 10.43 21.727 14.594
1269 1 8.96 22.43 11.4
1270 1 8 21.727 10.67
1271 1 7.367 24.48 14.594
1272 1 6.633 24.48 13.406
1273 1 6.748 24.03 15.83
1274 1 5.42 23.6 15.83
1275 1 8.99 23.31 15.83
1276 1 9.81 22.18 15.83
1277 1 7.75 23.31 16.6
1278 1 7.382 22.18 17.33
1279 1 5.25 24.03 13.406
1280 1 4.66 23.6 14.594
1281 1 5.01 23.31 12.17
1282 1 4.19 22.18 12.17
1283 1 6.25 23.31 11.4
1284 1 6.618 22.18 10.67
1285 1 3.8 22.43 14.594
1286 1 3.57 21.727 13.406
1287 1 4.04 21.698 15.83
1288 1 4.04 20.302 15.83
1289 1 5.04 22.43 16.6
1290 1 6 21.727 17.33
1291 1 3.57 20.273 13.406
1292 1 3.8 19.57 14.594
1293 1 4.19 19.82 12.17
1294 1 5.01 18.69 12.17
1295 1 4.57 21 11.4
1296 1 5.76 21 10.67
1297 1 4.66 18.4 14.594
1298 1 5.25 17.97 13.406
1299 1 5.42 18.4 15.83
1300 1 6.748 17.97 15.83
1301 1 5.04 19.57 16.6
1302 1 6 20.273 17.33
1303 1 6.633 17.52 13.406
1304 1 7.367 17.52 14.594
1305 1 7.252 17.97 12.17
1306 1 8.58 18.4 12.17
1307 1 6.25 18.69 11.4
1308 1 6.618 19.82 10.67
1309 1 8.75 17.97 14.594
1310 1 9.34 18.4 13.406
1311 1 8.99 18.69 15.83
1312 1 9.81 19.82 15.83
1313 1 7.75 18.69 16.6
1314 1 7.382 19.82 17.33
1315 1 10.2 19.57 13.406
1316 1 10.43 20.273 14.594
1317 1 8.96 19.57 11.4
1318 1 8 20.273 10.67
1319 1 9.43 21 16.6
1320 1 8.24 21 17.33
1321 1 9.34 16.6 20.406
1322 1 8.75 17.03 21.594
1323 1 8.58 16.6 19.17
1324 1 7.252 17.03 19.17
1325 1 9.96 14.698 19.17
1326 1 9.96 13.302 19.17
1327 1 10.2 15.43 20.406
1328 1 10.43 14.727 21.594
1329 1 8.96 15.43 18.4
1330 1 8 14.727 17.67
1331 1 7.367 17.48 21.594
1332 1 6.633 17.48 20.406
1333 1 6.748 17.03 22.83
1334 1 5.42 16.6 22.83
1335 1 8.99 16.31 22.83
1336 1 9.81 15.18 22.83
1337 1 7.75 16.31 23.6
1338 1 7.382 15.18 24.33
1339 1 5.25 17.03 20.406
1340 1 4.66 16.6 21.594
1341 1 5.01 16.31 19.17
1342 1 4.19 15.18 19.17
1343 1 6.25 16.31 18.4
1344 1 6.618 15.18 17.67
1345 1 3.8 15.43 21.594
1346 1 3.57 14.727 20.406
1347 1 4.04 14.698 22.83
1348 1 4.04 13.302 22.83
1349 1 5.04 15.43 23.6
1350 1 6 14.727 24.33
1351 1 3.57 13.273 20.406
1352 1 3.8 12.57 21.594
1353 1 4.19 12.82 19.17
1354 1 5.01 11.69 19.17
1355 1 4.57 14 18.4
1356 1 5.76 14 17.67
1357 1 4.66 11.4 21.594
1358 1 5.25 10.97 20.406
1359 1 5.42 11.4 22.83
1360 1 6.748 10.97 22.83
1361 1 5.04 12.57 23.6
1362 1 6 13.273 24.33
1363 1 6.633 10.52 20.406
1364 1 7.367 10.52 21.594
1365 1 7.252 10.97 19.17
1366 1 8.58 11.4 19.17
1367 1 6.25 11.69 18.4
1368 1 6.618 12.82 17.67
1369 1 8.75 10.97 21.594
1370 1 9.34 11.4 20.406
1371 1 8.99 11.69 22.83
1372 1 9.81 12.82 22.83
1373 1 7.75 11.69 23.6
1374 1 7.382 12.82 24.33
1375 1 10.2 12.57 20.406
1376 1 10.43 13.273 21.594
1377 1 8.96 12.57 18.4
1378 1 8 13.273 17.67
1379 1 9.43 14 23.6
1380 1 8.24 14 24.33
1381 1 2.34 23.6 20.406
1382 1 1.75 24.03 21.594
1383 1 1.58 23.6 19.17
1384 1 0.252 24.03 19.17
1385 1 2.96 21.698 19.17
1386 1 2.96 20.302 19.17
1387 1 3.2 22.43 20.406
1388 1 3.43 21.727 21.594
1389 1 1.96 22.43 18.4
1390 1 1 21.727 17.67
1391 1 0.367 24.48 21.594
1392 1 -0.367 24.48 20.406
1393 1 -0.252 24.03 22.83
1394 1 -1.58 23.6 22.83
1395 1 1.99 23.31 22.83
1396 1 2.81 22.18 22.83
1397 1 0.75 23.31 23.6
1398 1 0.382 22.18 24.33
1399 1 -1.75 24.03 20.406
1400 1 -2.34 23.6 21.594
1401 1 -1.99 23.31 19.17
1402 1 -2.81 22.18 19.17
1403 1 -0.75 23.31 18.4
1404 1 -0.382 22.18 17.67
1405 1 -3.2 22.43 21.594
1406 1 -3.43 21.727 20.406
1407 1 -2.96 21.698 22.83
1408 1 -2.96 20.302 22.83
1409 1 -1.96 22.43 23.6
1410 1 -1 21.727 24.33
1411 1 -3.43 20.273 20.406
1412 1 -3.2 19.57 21.594
1413 1 -2.81 19.82 19.17
1414 1 -1.99 18.69 19.17
1415 1 -2.43 21 18.4
1416 1 -1.24 21 17.67
1417 1 -2.34 18.4 21.594
1418 1 -1.75 17.97 20.406
1419 1 -1.58 18.4 22.83
1420 1 -0.252 17.97 22.83
1421 1 -1.96 19.57 23.6
1422 1 -1 20.273 24.33
1423 1 -0.367 17.52 20.406
1424 1 0.367 17.52 21.594
1425 1 0.252 17.97 19.17
1426 1 1.58 18.4 19.17
1427 1 -0.75 18.69 18.4
1428 1 -0.382 19.82 17.67
1429 1 1.75 17.97 21.594
1430 1 2.34 18.4 20.406
1431 1 1.99 18.69 22.83
1432 1 2.81 19.82 22.83
1433 1 0.75 18.69 23.6
1434 1 0.382 19.82 24.33
1435 1 3.2 19.57 20.406
1436 1 3.43 20.273 21.594
1437 1 1.96 19.57 18.4
1438 1 1 20.273 17.67
1439 1 2.43 21 23.6
1440 1 1.24 21 24.33
1441 1 16.34 2.6 13.406
1442 1 15.75 3.03 14.594
1443 1 15.58 2.6 12.17
1444 1 14.252 3.03 12.17
1445 1 16.96 0.698 12.17
1446 1 16.96 -0.698 12.17
1447 1 17.2 1.43 13.406
1448 1 17.43 0.727 14.594
1449 1 15.96 1.43 11.4
1450 1 15 0.727 10.67
1451 1 14.367 3.48 14.594
1452 1 13.633 3.48 13.406
1453 1 13.748 3.03 15.83
1454 1 12.42 2.6 15.83
1455 1 15.99 2.31 15.83
1456 1 16.81 1.18 15.83
1457 1 14.75 2.31 16.6
1458 1 14.382 1.18 17.33
1459 1 12.25 3.03 13.406
1460 1 11.66 2.6 14.594
1461 1 12.01 2.31 12.17
1462 1 11.19 1.18 12.17
1463 1 13.25 2.31 11.4
1464 1 13.618 1.18 10.67
1465 1 10.8 1.43 14.594
1466 1 10.57 0.727 13.406
1467 1 11.04 0.698 15.83
1468 1 11.04 -0.698 15.83
1469 1 12.04 1.43 16.6
1470 1 13 0.727 17.33
1471 1 10.57 -0.727 13.406
1472 1 10.8 -1.43 14.594
1473 1 11.19 -1.18 12.17
1474 1 12.01 -2.31 12.17
1475 1 11.57 7.84e-15 11.4
1476 1 12.76 4e-15 10.67
1477 1 11.66 -2.6 14.594
1478 1 12.25 -3.03 13.406
1479 1 12.42 -2.6 15.83
1480 1 13.748 -3.03 15.83
1481 1 12.04 -1.43 16.6
1482 1 13 -0.727 17.33
1483 1 13.633 -3.48 13.406
1484 1 14.367 -3.48 14.594
1485 1 14.252 -3.03 12.17
1486 1 15.58 -2.6 12.17
1487 1 13.25 -2.31 11.4
1488 1 13.618 -1.18 10.67
1489 1 15.75 -3.03 14.594
1490 1 16.34 -2.6 13.406
1491 1 15.99 -2.31 15.83
1492 1 16.81 -1.18 15.83
1493 1 14.75 -2.31 16.6
1494 1 14.382 -1.18 17.33
1495 1 17.2 -1.43 13.406
1496 1 17.43 -0.727 14.594
1497 1 15.96 -1.43 11.4
1498 1 15 -0.727 10.67
1499 1 16.43 0 16.6
1500 1 15.24 0 17.33
1501 1 23.34 9.6 13.406
1502 1 22.75 10.03 14.594
1503 1 22.58 9.6 12.17
1504 1 21.252 10.03 12.17
1505 1 23.96 7.698 12.17
1506 1 23.96 6.302 12.17
1507 1 24.2 8.43 13.406
1508 1 24.43 7.727 14.594
1509 1 22.96 8.43 11.4
1510 1 22 7.727 10.67
1511 1 21.367 10.48 14.594
1512 1 20.633 10.48 13.406
1513 1 20.748 10.03 15.83
1514 1 19.42 9.6 15.83
1515 1 22.99 9.31 15.83
1516 1 23.81 8.18 15.83
1517 1 21.75 9.31 16.6
1518 1 21.382 8.18 17.33
1519 1 19.25 10.03 13.406
1520 1 18.66 9.6 14.594
1521 1 19.01 9.31 12.17
1522 1 18.19 8.18 12.17
1523 1 20.25 9.31 11.4
1524 1 20.618 8.18 10.67
1525 1 17.8 8.43 14.594
1526 1 17.57 7.727 13.406
1527 1 18.04 7.698 15.83
1528 1 18.04 6.302 15.83
1529 1 19.04 8.43 16.6
1530 1 20 7.727 17.33
1531 1 17.57 6.273 13.406
1532 1 17.8 5.57 14.594
1533 1 18.19 5.82 12.17
1534 1 19.01 4.69 12.17
1535 1 18.57 7 11.4
1536 1 19.76 7 10.67
1537 1 18.66 4.4 14.594
1538 1 19.25 3.97 13.406
1539 1 19.42 4.4 15.83
1540 1 20.748 3.97 15.83
1541 1 19.04 5.57 16.6
1542 1 20 6.273 17.33
1543 1 20.633 3.52 13.406
1544 1 21.367 3.52 14.594
1545 1 21.252 3.97 12.17
1546 1 22.58 4.4 12.17
1547 1 20.25 4.69 11.4
1548 1 20.618 5.82 10.67
1549 1 22.75 3.97 14.594
1550 1 23.34 4.4 13.406
1551 1 22.99 4.69 15.83
1552 1 23.81 5.82 15.83
1553 1 21.75 4.69 16.6
1554 1 21.382 5.82 17.33
1555 1 24.2 5.57 13.406
1556 1 24.43 6.273 14.594
1557 1 22.96 5.57 11.4
1558 1 22 6.273 10.67
1559 1 23.43 7 16.6
1560 1 22.24 7 17.33
1561 1 23.34 2.6 20.406
1562 1 22.75 3.03 21.594
1563 1 22.58 2.6 19.17
1564 1 21.252 3.03 19.17
1565 1 23.96 0.698 19.17
1566 1 23.96 -0.698 19.17
1567 1 24.2 1.43 20.406
1568 1 24.43 0.727 21.594
1569 1 22.96 1.43 18.4
1570 1 22 0.727 17.67
1571 1 21.367 3.48 21.594
1572 1 20.633 3.48 20.406
1573 1 20.748 3.03 22.83
1574 1 19.42 2.6 22.83
1575 1 22.99 2.31 22.83
1576 1 23.81 1.18 22.83
1577 1 21.75 2.31 23.6
1578 1 21.382 1.18 24.33
1579 1 19.25 3.03 20.406
1580 1 18.66 2.6 21.594
1581 1 19.01 2.31 19.17
1582 1 18.19 1.18 19.17
1583 1 20.25 2.31 18.4
1584 1 20.618 1.18 17.67
1585 1 17.8 1.43 21.594
1586 1 17.57 0.727 20.406
1587 1 18.04 0.698 22.83
1588 1 18.04 -0.698 22.83
1589 1 19.04 1.43 23.6
1590 1 20 0.727 24.33
1591 1 17.57 -0.727 20.406
1592 1 17.8 -1.43 21.594
1593 1 18.19 -1.18 19.17
1594 1 19.01 -2.31 19.17
1595 1 18.57 7.84e-15 18.4
1596 1 19.76 4e-15 17.67
1597 1 18.66 -2.6 21.594
1598 1 19.25 -3.03 20.406
1599 1 19.42 -2.6 22.83
1600 1 20.748 -3.03 22.83
1601 1 19.04 -1.43 23.6
1602 1 20 -0.727 24.33
1603 1 20.633 -3.48 20.406
1604 1 21.367 -3.48 21.594
1605 1 21.252 -3.03 19.17
1606 1 22.58 -2.6 19.17
1607 1 20.25 -2.31 18.4
1608 1 20.618 -1.18 17.67
1609 1 22.75 -3.03 21.594
1610 1 23.34 -2.6 20.406
1611 1 22.99 -2.31 22.83
1612 1 23.81 -1.18 22.83
1613 1 21.75 -2.31 23.6
1614 1 21.382 -1.18 24.33
1615 1 24.2 -1.43 20.406
1616 1 24.43 -0.727 21.594
1617 1 22.96 -1.43 18.4
1618 1 22 -0.727 17.67
1619 1 23.43 0 23.6
1620 1 22.24 0 24.33
1621 1 16.34 9.6 20.406
1622 1 15.75 10.03 21.594
1623 1 15.58 9.6 19.17
1624 1 14.252 10.03 19.17
1625 1 16.96 7.698 19.17
1626 1 16.96 6.302 19.17
1627 1 17.2 8.43 20.406
1628 1 17.43 7.727 21.594
1629 1 15.96 8.43 18.4
1630 1 15 7.727 17.67
1631 1 14.367 10.48 21.594
1632 1 13.633 10.48 20.406
1633 1 13.748 10.03 22.83
1634 1 12.42 9.6 22.83
1635 1 15.99 9.31 22.83
1636 1 16.81 8.18 22.83
1637 1 14.75 9.31 23.6
1638 1 14.382 8.18 24.33
1639 1 12.25 10.03 20.406
1640 1 11.66 9.6 21.594
1641 1 12.01 9.31 19.17
1642 1 11.19 8.18 19.17
1643 1 13.25 9.31 18.4
1644 1 13.618 8.18 17.67
1645 1 10.8 8.43 21.594
1646 1 10.57 7.727 20.406
1647 1 11.04 7.698 22.83
1648 1 11.04 6.302 22.83
1649 1 12.04 8.43 23.6
1650 1 13 7.727 24.33
1651 1 10.57 6.273 20.406
1652 1 10.8 5.57 21.594
1653 1 11.19 5.82 19.17
1654 1 12.01 4.69 19.17
1655 1 11.57 7 18.4
1656 1 12.76 7 17.67
1657 1 11.66 4.4 21.594
1658 1 12.25 3.97 20.406
1659 1 12.42 4.4 22.83
1660 1 13.748 3.97 22.83
1661 1 12.04 5.57 23.6
1662 1 13 6.273 24.33
1663 1 13.633 3.52 20.406
1664 1 14.367 3.52 21.594
1665 1 14.252 3.97 19.17
1666 1 15.58 4.4 19.17
1667 1 13.25 4.69 18.4
1668 1 13.618 5.82 17.67
1669 1 15.75 3.97 21.594
1670 1 16.34 4.4 20.406
1671 1 15.99 4.69 22.83
1672 1 16.81 5.82 22.83
1673 1 14.75 4.69 23.6
1674 1 14.382 5.82 24.33
1675 1 17.2 5.57 20.406
1676 1 17.43 6.273 21.594
1677 1 15.96 5.57 18.4
1678 1 15 6.273 17.67
1679 1 16.43 7 23.6
1680 1 15.24 7 24.33
1681 1 16.34 16.6 13.406
1682 1 15.75 17.03 14.594
1683 1 15.58 16.6 12.17
1684 1 14.252 17.03 12.17
1685 1 16.96 14.698 12.17
1686 1 16.96 13.302 12.17
1687 1 17.2 15.43 13.406
1688 1 17.43 14.727 14.594
1689 1 15.96 15.43 11.4
1690 1 15 14.727 10.67
1691 1 14.367 17.48 14.594
1692 1 13.633 17.48 13.406
1693 1 13.748 17.03 15.83
1694 1 12.42 16.6 15.83
1695 1 15.99 16.31 15.83
1696 1 16.81 15.18 15.83
1697 1 14.75 16.31 16.6
1698 1 14.382 15.18 17.33
1699 1 12.25 17.03 13.406
1700 1 11.66 16.6 14.594
1701 1 12.01 16.31 12.17
1702 1 11.19 15.18 12.17
1703 1 13.25 16.31 11.4
1704 1 13.618 15.18 10.67
1705 1 10.8 15.43 14.594
1706 1 10.57 14.727 13.406
1707 1 11.04 14.698 15.83
1708 1 11.04 13.302 15.83
1709 1 12.04 15.43 16.6
1710 1 13 14.727 17.33
1711 1 10.57 13.273 13.406
1712 1 10.8 12.57 14.594
1713 1 11.19 12.82 12.17
1714 1 12.01 11.69 12.17
1715 1 11.57 14 11.4
1716 1 12.76 14 10.67
1717 1 11.66 11.4 14.594
1718 1 12.25 10.97 13.406
1719 1 12.42 11.4 15.83
1720 1 13.748 10.97 15.83
1721 1 12.04 12.57 16.6
1722 1 13 13.273 17.33
1723 1 13.633 10.52 13.406
1724 1 14.367 10.52 14.594
1725 1 14.252 10.97 12.17
1726 1 15.58 11.4 12.17
1727 1 13.25 11.69 11.4
1728 1 13.618 12.82 10.67
1729 1 15.75 10.97 14.594
1730 1 16.34 11.4 13.406
1731 1 15.99 11.69 15.83
1732 1 16.81 12.82 15.83
1733 1 14.75 11.69 16.6
1734 1 14.382 12.82 17.33
1735 1 17.2 12.57 13.406
1736 1 17.43 13.273 14.594
1737 1 15.96 12.57 11.4
1738 1 15 13.273 10.67
1739 1 16.43 14 16.6
1740 1 15.24 14 17.33
1741 1 23.34 23.6 13.406
1742 1 22.75 24.03 14.594
1743 1 22.58 23.6 12.17
1744 1 21.252 24.03 12.17
1745 1 23.96 21.698 12.17
1746 1 23.96 20.302 12.17
1747 1 24.2 22.43 13.406
1748 1 24.43 21.727 14.594
1749 1 22.96 22.43 11.4
1750 1 22 21.727 10.67
1751 1 21.367 24.48 14.594
1752 1 20.633 24.48 13.406
1753 1 20.748 24.03 15.83
1754 1 19.42 23.6 15.83
1755 1 22.99 23.31 15.83
1756 1 23.81 22.18 15.83
1757 1 21.75 23.31 16.6
1758 1 21.382 22.18 17.33
1759 1 19.25 24.03 13.406
1760 1 18.66 23.6 14.594
1761 1 19.01 23.31 12.17
1762 1 18.19 22.18 12.17
1763 1 20.25 23.31 11.4
1764 1 20.618 22.18 10.67
1765 1 17.8 22.43 14.594
1766 1 17.57 21.727 13.406
1767 1 18.04 21.698 15.83
1768 1 18.04 20.302 15.83
1769 1 19.04 22.43 16.6
1770 1 20 21.727 17.33
1771 1 17.57 20.273 13.406
1772 1 17.8 19.57 14.594
1773 1 18.19 19.82 12.17
1774 1 19.01 18.69 12.17
1775 1 18.57 21 11.4
1776 1 19.76 21 10.67
1777 1 18.66 18.4 14.594
1778 1 19.25 17.97 13.406
1779 1 19.42 18.4 15.83
1780 1 20.748 17.97 15.83
1781 1 19.04 19.57 16.6
1782 1 20 20.273 17.33
1783 1 20.633 17.52 13.406
1784 1 21.367 17.52 14.594
1785 1 21.252 17.97 12.17
1786 1 22.58 18.4 12.17
1787 1 20.25 18.69 11.4
1788 1 20.618 19.82 10.67
1789 1 22.75 17.97 14.594
1790 1 23.34 18.4 13.406
1791 1 22.99 18.69 15.83
1792 1 23.81 19.82 15.83
1793 1 21.75 18.69 16.6
1794 1 21.382 19.82 17.33
1795 1 24.2 19.57 13.406
1796 1 24.43 20.273 14.594
1797 1 22.96 19.57 11.4
1798 1 22 20.273 10.67
1799 1 23.43 21 16.6
1800 1 22.24 21 17.33
1801 1 23.34 16.6 20.406
1802 1 22.75 17.03 21.594
1803 1 22.58 16.6 19.17
1804 1 21.252 17.03 19.17
1805 1 23.96 14.698 19.17
1806 1 23.96 13.302 19.17
1807 1 24.2 15.43 20.406
1808 1 24.43 14.727 21.594
1809 1 22.96 15.43 18.4
1810 1 22 14.727 17.67
1811 1 21.367 17.48 21.594
1812 1 20.633 17.48 20.406
1813 1 20.748 17.03 22.83
1814 1 19.42 16.6 22.83
1815 1 22.99 16.31 22.83
1816 1 23.81 15.18 22.83
1817 1 21.75 16.31 23.6
1818 1 21.382 15.18 24.33
1819 1 19.25 17.03 20.406
1820 1 18.66 16.6 21.594
1821 1 19.01 16.31 19.17
1822 1 18.19 15.18 19.17
1823 1 20.25 16.31 18.4
1824 1 20.618 15.18 17.67
1825 1 17.8 15.43 21.594
1826 1 17.57 14.727 20.406
1827 1 18.04 14.698 22.83
1828 1 18.04 13.302 22.83
1829 1 19.04 15.43 23.6
1830 1 20 14.727 24.33
1831 1 17.57 13.273 20.406
1832 1 17.8 12.57 21.594
1833 1 18.19 12.82 19.17
1834 1 19.01 11.69 19.17
1835 1 18.57 14 18.4
1836 1 19.76 14 17.67
1837 1 18.66 11.4 21.594
1838 1 19.25 10.97 20.406
1839 1 19.42 11.4 22.83
1840 1 20.748 10.97 22.83
1841 1 19.04 12.57 23.6
1842 1 20 13.273 24.33
1843 1 20.633 10.52 20.406
1844 1 21.367 10.52 21.594
1845 1 21.252 10.97 19.17
1846 1 22.58 11.4 19.17
1847 1 20.25 11.69 18.4
1848 1 20.618 12.82 17.67
1849 1 22.75 10.97 21.594
1850 1 23.34 11.4 20.406
1851 1 22.99 11.69 22.83
1852 1 23.81 12.82 22.83
1853 1 21.75 11.69 23.6
1854 1 21.382 12.82 24.33
1855 1 24.2 12.57 20.406
1856 1 24.43 13.273 21.594
1857 1 22.96 12.57 18.4
1858 1 22 13.273 17.67
1859 1 23.43 14 23.6
1860 1 22.24 14 24.33
1861 1 16.34 23.6 20.406
1862 1 15.75 24.03 21.594
1863 1 15.58 23.6 19.17
1864 1 14.252 24.03 19.17
1865 1 16.96 21.698 19.17
1866 1 16.96 20.302 19.17
1867 1 17.2 22.43 20.406
1868 1 17.43 21.727 21.594
1869 1 15.96 22.43 18.4
1870 1 15 21.727 17.67
1871 1 14.367 24.48 21.594
1872 1 13.633 24.48 20.406
1873 1 13.748 24.03 22.83
1874 1 12.42 23.6 22.83
1875 1 15.99 23.31 22.83
1876 1 16.81 22.18 22.83
1877 1 14.75 23.31 23.6
1878 1 14.382 22.18 24.33
1879 1 12.25 24.03 20.406
1880 1 11.66 23.6 21.594
1881 1 12.01 23.31 19.17
1882 1 11.19 22.18 19.17
1883 1 13.25 23.31 18.4
1884 1 13.618 22.18 17.67
1885 1 10.8 22.43 21.594
1886 1 10.57 21.727 20.406
1887 1 11.04 21.698 22.83
1888 1 11.04 20.302 22.83
1889 1 12.04 22.43 23.6
1890 1 13 21.727 24.33
1891 1 10.57 20.273 20.406
1892 1 10.8 19.57 21.594
1893 1 11.19 19.82 19.17
1894 1 12.01 18.69 19.17
1895 1 11.57 21 18.4
1896 1 12.76 21 17.67
1897 1 11.66 18.4 21.594
1898 1 12.25 17.97 20.406
1899 1 12.42 18.4 22.83
1900 1 13.748 17.97 22.83
1901 1 12.04 19.57 23.6
1902 1 13 20.273 24.33
1903 1 13.633 17.52 20.406
1904 1 14.367 17.52 21.594
1905 1 14.252 17.97 19.17
1906 1 15.58 18.4 19.17
1907 1 13.25 18.69 18.4
1908 1 13.618 19.82 17.67
1909 1 15.75 17.97 21.594
1910 1 16.34 18.4 20.406
1911 1 15.99 18.69 22.83
1912 1 16.81 19.82 22.83
1913 1 14.75 18.69 23.6
1914 1 14.382 19.82 24.33
1915 1 17.2 19.57 20.406
1916 1 17.43 20.273 21.594
1917 1 15.96 19.57 18.4
1918 1 15 20.273 17.67
1919 1 16.43 21 23.6
1920 1 15.24 21 24.33
